2.364383
3.046971
2.976031
2.871734
2.241872
2.370017
1.995554
2.90163
2.187728
1.586294
1.395155
1.347808
1.132102
1.407517
1.765613
1.916115
1.610661
1.237429
1.440891
1.471024
1.514461
1.833184
1.695044
1.720848
2.351995
1.697537
1.70363
1.785152
1.556492
1.856293
1.333701
1.461086
1.509655
1.523324
1.787857
1.507651
1.646441
1.90546
1.527101
2.065052
1.628091
1.908136
1.592781
1.707041
2.295977
1.371118
1.584893
1.944627
2.209932
1.667311
1.6636
2.688883
2.793375
2.608687
1.788915
1.541568
1.75133
1.895859
1.296027
1.350903
1.962465
2.157633
2.711966
1.649477
1.563894
1.79283
1.638943
1.135055
1.819342
1.823758
2.009168
2.627894
1.881233
2.46722
1.933598
2.410884
1.69166
1.832136
1.947767
2.192468
2.980626
2.243038
2.294166
2.625595
1.952922
2.372134
2.007242
1.95506
2.361063
1.51559
1.502813
1.198211
1.416451
1.908984
1.991608
2.347481
2.252221
1.957248
1.437327
1.741686
1.491108
1.511906
1.045796
1.304903
1.634156
1.660471
1.301796
2.14249
1.80515
1.672349
1.622704
1.477037
1.144896
1.451682
1.525854
1.18507
1.62511
1.372552
1.641877
2.019262
1.788041
1.93194
1.945188
1.868905
1.946609
1.69602
2.26523
2.043252
2.204332
1.88187
2.095268
1.795713
1.674243
1.446511
1.285459
1.749101
1.58598
1.243861
1.432265
1.563045
1.650644
1.799292
1.215038
1.225605
2.052869
2.235099
1.925204
1.707188
2.00416
1.922835
2.14492
1.933267
1.543316
1.637027
0.9332229
1.437608
1.4915
1.835146
1.675858
1.75148
1.475726
1.929599
2.165553
1.858898
1.885138
1.67095
1.523015
2.024025
2.096365
1.421747
2.267818
1.819158
2.072559
2.027567
2.086815
2.4339
2.207835
1.393386
1.375956
2.026819
1.995033
1.664608
1.835594
1.800455
1.631373
2.04036
2.453892
2.256019
2.199607
2.512547
2.522274
2.002276
1.902675
2.017901
1.808715
1.848685
1.618303
1.563445
1.46709
1.450355
1.531803
1.766402
1.5542
1.293107
1.155463
1.272946
1.765957
2.439766
2.440116
2.06269
1.613146
1.65937
1.613993
1.469636
1.81494
1.457295
1.862037
1.489428
1.674345
1.415293
1.767207
1.207807
1.549303
1.529708
2.143633
1.910478
2.066815
2.067943
2.762521
1.953992
1.511425
1.343939
1.808153
1.581839
1.44718
1.456737
1.663393
1.708082
1.113604
1.287994
1.157348
1.304339
1.327853
1.326582
1.860898
2.165191
2.319477
2.018628
1.428766
1.536296
1.536811
1.794535
1.685362
1.626525
1.995471
2.086358
2.196607
1.726935
1.701501
1.558583
1.256976
1.209412
1.368286
1.525833
2.047985
2.154146
2.116306
1.820031
1.686222
1.426119
1.319772
1.019503
0.8931373
0.8851332
0.9965871
1.030379
1.187685
1.456422
1.329169
1.483973
1.177061
0.9944487
1.644367
1.287623
1.201837
1.171567
1.225321
1.927499
1.394657
1.401847
1.475786
1.759187
2.038956
2.442384
2.259214
2.438289
2.7525
1.937162
1.967171
2.601086
3.065342
2.085073
1.961437
2.01232
2.032302
1.933361
2.204168
1.903189
2.025564
2.444749
1.876799
1.617306
2.493874
2.060776
1.463449
1.544706
1.608366
1.224244
1.193036
1.181282
0.8937065
1.05088
1.76031
1.513341
1.186648
1.142467
0.9788039
1.115083
1.140988
1.110739
1.237754
1.418216
1.7998
1.977424
1.98051
1.284364
1.324815
1.552907
1.570356
1.191029
1.273425
0.9644609
1.21928
1.545229
2.156447
1.965864
1.91261
1.506911
1.552416
1.704377
1.761531
1.322442
1.552309
1.967356
1.286465
1.163625
1.414825
1.581952
1.736216
2.261623
1.899962
1.83375
1.774891
1.611046
1.445719
1.324408
1.282991
1.50219
0.8604108
1.128394
1.239528
1.039201
0.8856168
0.8730456
1.240069
1.351561
1.826257
1.577956
1.466259
1.393121
1.986789
1.993467
2.351528
1.443163
1.906314
2.101179
2.177512
2.363226
2.108045
1.70049
1.483954
1.908341
1.595662
1.682259
2.144555
2.205364
1.652218
1.624377
1.69869
1.76539
1.629334
1.15565
1.889002
1.814754
1.492324
1.43714
1.283521
1.304626
1.08989
1.354738
1.928698
1.622946
1.427013
1.82611
1.727196
1.689212
2.0797
2.170007
2.131713
2.489626
2.081348
1.700751
1.633482
1.287079
0.9932295
0.92244
1.093791
1.806426
2.043868
1.99443
1.769232
2.047748
1.616337
2.513397
2.445318
2.377825
2.423054
1.922052
1.964672
1.474596
1.867377
2.08194
2.002544
1.43576
0.9812763
0.8191429
1.146171
1.81293
1.968275
1.907858
1.230366
1.070118
1.488104
1.735952
1.386671
1.405395
0.8595881
1.095048
1.842802
1.412897
1.553635
2.114861
1.934775
2.346743
1.71421
1.682851
1.639746
2.044418
1.73356
1.893355
1.663514
1.855648
1.591037
1.442775
1.26454
1.136172
1.462726
1.729852
2.619972
3.412615
3.211398
2.170218
1.588641
1.48628
1.401676
1.981585
1.526399
2.212269
1.813227
1.974456
1.495674
1.45983
1.734145
2.368018
1.889444
2.254392
2.115688
2.145662
1.777255
1.662624
1.237716
1.070054
1.494362
1.102446
1.288988
1.301129
1.918967
2.322556
2.197186
1.920009
1.737233
1.782959
1.970951
2.088126
3.090854
2.452547
2.729049
2.549228
2.210965
1.674027
1.799443
1.496032
1.53722
1.517316
1.818063
1.331491
2.118124
1.734369
2.318762
1.975503
2.263721
2.208892
1.653041
1.839064
1.848973
1.954776
1.613557
1.389747
1.191872
1.491998
1.541256
1.982162
2.128026
1.484449
0.8661651
0.897319
1.097144
1.507853
1.210899
1.446973
1.625157
1.564591
1.867127
2.496783
1.984718
1.849465
1.507191
1.907282
1.76132
1.700471
1.854726
1.438145
1.850655
2.000622
1.55094
1.561167
1.262245
0.9500197
1.146974
1.131674
1.541123
2.115833
1.377579
1.293401
1.547308
1.491818
1.75724
1.259343
1.008411
1.468172
1.335902
1.286627
1.454648
1.558783
1.279284
1.978295
2.215303
2.027386
1.686065
1.312336
1.28219
1.077204
1.814282
1.760268
1.875108
1.925454
2.270083
1.925287
1.316641
1.839399
1.253975
1.706295
1.875344
1.965654
1.617034
1.492027
1.276183
1.691293
2.016592
1.665124
1.547964
2.089272
1.534142
1.701351
1.560714
2.538186
1.375194
1.677456
1.370719
1.825904
1.31539
1.004656
1.278043
1.453879
1.712141
1.592207
1.470168
1.337322
1.706084
1.532414
1.383872
1.53555
1.981113
1.487162
1.71967
1.632749
1.848484
2.299287
2.577796
2.76795
2.158572
1.969783
2.753025
2.545203
2.022509
2.467876
2.214547
2.102806
2.110492
1.996518
1.703761
1.620417
1.678452
1.592324
1.582654
2.348107
2.28624
2.53644
2.834098
3.434166
2.300127
2.757073
2.249172
2.167852
1.614556
1.839454
1.786088
1.343855
1.005448
1.112144
0.701734
1.000819
1.16856
1.395036
1.152632
2.172434
1.755193
2.164095
2.096975
2.484459
1.634988
1.608689
1.599875
1.816943
2.161331
2.456554
2.20364
2.117359
2.170332
1.886848
1.706091
1.867547
1.234917
1.598838
1.451002
1.822745
1.804231
2.723752
2.324611
2.485728
2.1817
2.019226
2.308766
2.52049
1.895153
1.626697
1.158938
0.9522492
1.236946
1.396778
0.8451156
0.6622161
1.236442
1.036865
0.9351151
1.090283
1.281386
1.659492
1.296814
1.70968
1.886708
1.939136
2.235375
1.87496
2.634238
1.940849
2.439928
2.377122
2.6696
2.186743
2.597466
2.632582
2.979273
3.521001
2.531862
2.354601
2.135844
1.650547
1.920953
2.335787
1.527699
1.542371
2.113355
2.594213
2.096389
2.748725
1.880759
1.587981
1.559407
1.743513
2.138983
1.663424
1.537923
1.528988
1.955006
2.23277
2.178487
2.367191
1.804195
1.618881
1.577836
1.298065
1.358198
2.043526
2.342338
1.314925
1.065703
1.679766
2.07651
1.772421
1.817815
1.741579
1.161389
1.707907
1.350428
1.791046
1.976234
2.018003
1.739839
1.472682
2.262655
1.589484
1.616864
1.509817
1.473927
1.525674
1.474123
1.870795
2.816057
3.124332
3.288412
2.866869
2.732341
3.267581
2.807241
2.416196
2.096284
1.31529
1.58313
1.72671
1.795269
2.096786
2.218228
2.988558
3.071878
1.892763
1.609114
1.5008
1.612117
1.439125
1.618253
1.823344
1.692022
1.856751
2.596436
1.97431
2.130464
2.35017
2.139084
2.068701
1.485223
1.651536
1.826765
1.874308
1.853407
1.237646
1.579126
1.082845
1.802257
1.888402
2.719167
2.325975
1.898663
2.038814
2.346666
1.325895
1.271038
1.300324
2.024171
2.119173
2.824439
2.352075
1.80909
1.373004
1.116828
1.442087
1.25078
1.679366
1.318275
1.487821
1.301591
0.9991521
1.204303
1.084058
1.424006
1.101565
1.056498
1.172847
1.236775
1.366968
1.838106
1.970284
2.210354
1.364666
1.703938
2.006952
1.833972
2.51515
1.856355
2.194217
2.211291
1.887895
1.634007
1.657488
1.370174
1.423647
1.698679
1.75444
1.594013
1.452247
1.545675
1.424511
1.00676
1.03221
1.030808
0.9231162
1.596759
1.403964
1.526416
1.183608
1.349552
1.236785
1.346917
1.173167
1.403703
2.053052
2.271253
1.492891
1.497523
1.783329
1.482874
1.853909
2.127262
2.579649
2.872699
1.954267
2.012193
2.363995
2.459491
2.517995
2.55088
1.676157
1.838121
2.282366
1.801482
1.323974
1.189857
1.663626
1.774718
1.73492
1.33558
1.747617
2.158166
2.388428
2.087536
2.05716
2.28202
2.366731
3.296544
2.354857
2.12662
2.151806
1.787238
1.521706
1.30274
1.013274
1.144169
1.722451
1.834451
2.231721
2.306191
1.69005
1.498854
1.664548
1.792061
1.881289
1.548587
1.550865
1.500539
1.518427
1.744482
2.172556
1.932656
1.803486
1.815899
1.866526
1.704595
2.071616
1.397364
1.549405
1.028278
1.515209
1.530407
1.099442
0.9806837
1.034779
1.46445
1.639577
1.238908
1.26522
1.300519
1.209295
1.005824
1.181462
1.101436
1.215056
1.40229
1.431277
1.904761
1.833284
2.099938
1.983037
1.852394
1.92796
2.031086
2.061637
1.497509
1.897881
1.357792
1.579157
1.812279
1.650776
1.670317
1.445074
1.693238
2.2663
2.573699
2.984694
2.283563
2.231842
1.591467
1.975621
2.685142
2.46639
2.430452
2.245176
1.71836
1.210784
1.026901
1.14412
1.366665
1.366411
1.092267
1.49001
1.924849
1.398275
1.623974
1.944687
1.846045
1.622294
1.515342
1.531147
1.215661
1.078947
1.301444
1.246486
1.08893
1.119962
1.008491
1.050265
1.342058
1.234128
1.195594
1.28067
1.383845
1.484066
1.997104
1.871132
1.658094
1.538285
1.880359
2.015357
1.878568
2.376397
2.227448
2.096619
1.841413
1.775482
1.608273
1.440848
1.386599
1.222332
1.466615
1.767671
1.975435
1.787295
1.388947
1.68496
1.522684
1.42085
1.24233
1.237161
1.230398
1.217875
1.907002
1.847348
1.909565
1.603664
1.517209
1.221375
1.336039
1.008313
0.9519234
1.297778
1.296773
1.530347
1.871974
1.359395
1.189431
1.329009
1.67737
2.206109
2.68032
2.736267
1.922732
2.131498
1.839725
1.366526
1.679037
1.609526
1.869898
1.726333
2.165213
1.786535
1.912308
1.666323
1.96038
2.149048
1.509965
1.873672
1.38664
1.469357
1.559199
2.156447
1.924129
1.973943
1.604526
1.217707
1.600946
1.54417
1.494061
1.491722
1.53471
1.389182
1.245383
1.383892
1.345491
1.601075
1.329838
1.111129
1.231306
1.576332
1.280023
1.309158
1.509042
1.761731
1.800652
1.15524
1.380464
1.616299
1.677944
1.238544
1.454616
1.343984
1.75068
1.664068
1.994325
2.480004
2.792103
2.776199
2.869629
2.045893
2.38461
2.059893
2.394702
2.36688
1.86102
2.245036
2.772105
2.643938
1.67789
1.935649
1.54432
1.664153
1.833575
2.101154
1.566849
1.136347
1.307288
1.874343
2.34195
2.291479
2.944706
2.397375
2.250508
2.060988
2.999832
3.01403
1.767719
1.962373
1.909826
1.848231
1.749606
1.416624
0.8642693
1.178581
1.515349
1.474208
1.568782
1.559702
1.941715
1.97348
1.975469
1.687483
1.411264
1.122565
1.464009
1.723876
1.554057
1.882611
2.367485
2.433356
2.100655
2.927347
2.80089
1.921822
2.25765
2.503953
1.858444
1.540227
1.508832
1.404233
1.762115
1.746871
2.721743
2.153347
1.922697
2.459205
2.886521
3.247422
2.015792
1.795857
1.377619
1.316739
1.652132
1.306844
1.231214
1.384759
1.414021
2.204733
1.479588
1.151874
1.473181
2.173324
2.152351
1.910554
2.361361
2.548173
2.037199
2.099277
2.79389
2.945921
2.39246
2.443478
2.03573
2.523229
2.330962
2.417053
3.690714
2.332187
1.763188
1.916788
2.147756
2.222161
1.453869
1.649905
1.418776
1.865482
1.959306
1.588386
1.752168
2.282349
2.192858
1.43724
1.372464
1.552055
1.991305
1.970745
1.800474
1.364947
1.187891
1.596085
1.628315
1.569563
1.377476
1.279536
1.46612
1.566187
1.662631
1.426604
1.151655
1.479472
1.139754
1.329536
1.248877
1.180553
1.222435
1.150942
0.973149
1.214893
1.21333
1.643727
1.470678
1.577222
1.300321
1.414511
1.328522
1.372746
1.880095
1.739347
2.146443
1.921846
1.773481
1.830068
1.325591
1.587961
1.669504
2.080248
1.615862
1.706902
1.437036
1.089512
1.326722
1.326709
1.324328
1.379164
1.573927
1.34343
1.758968
1.947382
1.575358
1.328084
0.8495697
1.025608
1.193606
1.28924
1.540049
1.758566
2.371342
1.870189
1.351267
1.2215
1.673392
1.804095
2.022204
1.844467
1.645995
1.383788
1.360745
1.891719
1.79477
2.247144
2.089547
2.439013
2.432396
2.513511
2.176941
1.444312
1.313432
1.707405
1.656651
1.598863
2.239589
2.150893
1.998422
2.968706
2.093244
1.934565
1.869874
2.253371
2.041179
2.196176
1.762102
1.474781
1.349816
1.925239
2.280776
1.953716
1.925789
1.750924
1.838004
1.457534
1.57285
1.266176
1.3282
0.942789
1.033475
1.203227
1.305706
1.52481
1.231357
1.155124
1.063882
1.219126
0.9516938
1.071608
0.9282808
1.532008
1.51373
2.283469
2.218333
1.610975
1.673766
1.485045
1.333361
2.082621
1.558052
2.260748
2.685336
2.447309
3.047657
2.653819
1.885653
2.151238
1.468585
1.716874
1.931188
1.980818
1.478396
1.96387
1.559928
1.575097
1.637613
1.602534
1.071074
1.187082
1.194583
1.434655
1.139112
1.427477
1.680859
1.827074
1.573265
2.585468
2.390492
1.980938
1.399721
0.9788218
1.196912
1.087882
1.244975
1.631964
2.177911
1.90118
1.665859
1.565348
1.722019
1.806226
1.984336
1.750071
1.977059
1.576625
1.369938
1.732656
2.483038
2.712991
3.134674
2.730314
2.180697
1.565336
1.65799
2.276262
1.89901
1.806223
1.847985
1.845746
2.004405
1.793639
1.667425
1.367049
1.1
1.60092
1.120619
1.126737
1.384567
1.534058
1.51416
1.631191
2.158231
1.77257
1.301857
1.543826
1.627451
1.38718
1.132477
1.429833
1.629988
1.210931
1.159785
1.189545
1.331584
1.139776
1.378083
1.777727
1.945312
1.625401
1.470251
1.398326
1.09288
1.537861
1.607325
1.754215
1.03714
1.182188
0.9583295
0.7509679
1.081244
0.7670628
0.9710487
1.298199
1.719127
2.112269
2.107321
2.179412
2.263513
1.860446
1.3711
1.362572
1.085145
0.9541048
1.209159
1.130075
1.621397
1.730699
1.462512
1.205752
1.017878
0.9022673
1.15722
1.421367
1.687095
1.360548
1.183898
1.211116
1.412344
1.358882
1.568706
1.804146
1.525591
2.160126
1.596042
1.698063
1.904354
2.231422
2.168141
1.5634
1.7554
1.838558
2.03133
2.359089
2.34501
2.410179
2.449225
2.69869
2.481718
2.459522
2.594681
2.188514
2.044398
1.474645
1.291224
1.082012
1.290325
1.138849
1.059311
1.531081
2.59849
3.26321
2.386252
2.058198
2.246736
1.435398
1.445655
1.26189
1.179802
1.561756
2.981935
2.066018
1.997379
1.82921
2.914078
3.133566
2.308083
2.137816
2.9764
2.687934
3.133269
2.406794
1.305915
1.351218
1.692902
1.624281
2.362981
2.812939
2.219671
1.991804
2.195453
2.304988
2.791462
1.766154
1.426681
1.13762
1.193713
1.028917
1.154535
1.755207
1.324959
1.260421
1.787304
1.743141
2.011571
1.869816
1.471803
1.239715
1.53466
1.937895
1.712122
1.932139
1.574327
1.561015
1.561868
1.341576
1.41854
1.302046
1.447159
1.521041
1.507718
1.552748
1.814779
1.59611
1.757517
1.912503
2.431648
1.715073
2.015234
1.680724
1.676864
1.878806
1.724107
1.326883
1.153476
1.186136
1.569712
1.77351
2.266669
2.281459
2.452784
2.346377
1.70253
2.166491
1.889144
1.445397
1.309339
1.482398
1.239074
1.442537
1.022968
1.342544
1.873802
1.470356
1.234016
1.256168
1.115231
0.9034737
1.499479
2.041174
1.792668
1.441756
2.137135
2.003614
1.93586
2.096666
1.572698
1.772632
1.400149
2.071909
3.16083
3.809596
4.034759
3.253202
3.234215
2.810591
2.631026
2.250467
3.018947
3.120306
2.89488
2.382055
1.881869
2.339262
1.942428
2.152145
2.414022
1.769461
2.338132
1.65486
1.631734
1.678701
1.631704
1.652658
1.839258
1.974243
2.61477
1.86158
2.090723
2.7604
3.26568
2.655631
2.083319
1.76176
1.318933
1.177013
1.037668
1.024107
1.467164
1.364495
1.288529
1.263372
1.205104
1.554377
1.643899
2.111404
2.047966
1.727338
1.945093
1.893301
1.066102
1.380346
1.68414
1.376924
1.814793
1.939559
1.681201
1.899593
1.595009
1.296349
1.288149
1.615887
1.612627
2.20305
1.807359
1.992872
1.98456
2.041307
2.19908
2.221307
2.137326
1.960113
1.812113
2.499631
1.950883
1.92761
1.888621
1.604975
1.402107
1.305731
1.280782
1.711765
1.172163
1.344609
1.618294
1.704342
1.759981
1.277271
1.336442
1.617266
1.502251
1.629912
1.697825
1.905544
2.043875
1.98371
1.564781
0.9870372
1.101392
1.374131
1.058047
1.191419
1.461959
1.727797
1.620692
1.615381
1.759922
2.506104
1.842014
1.851404
1.249182
1.346662
1.459789
1.38812
1.410535
1.605546
1.525201
1.500363
1.928136
2.240622
2.608096
2.882781
2.962546
2.379927
2.094026
1.719592
1.959988
1.5131
1.313459
2.210446
2.769598
1.949417
1.626889
1.43699
1.224694
0.8710704
1.441798
1.77068
1.878581
2.258527
1.903047
1.902753
1.38603
1.43567
1.452672
1.392699
1.598945
1.694426
1.849535
1.466036
1.615481
1.35726
1.64166
1.922963
1.664966
1.684756
2.125215
1.732252
2.101847
2.70536
2.685306
2.146505
1.957606
2.801478
1.888689
1.559364
1.610575
1.356214
1.378291
1.525097
1.850492
1.505747
1.588328
1.450344
1.111359
1.568906
1.350298
0.8711647
0.9642106
1.007702
1.124271
1.15776
1.003234
1.046719
1.239994
1.327679
1.20969
1.579803
2.005656
2.369385
2.558105
2.663151
3.438924
2.379703
2.473509
2.454712
2.037793
1.872178
1.546386
1.346326
1.548383
1.404231
1.608968
1.335629
1.651059
1.498948
1.393263
1.489508
1.159833
1.730306
1.79444
1.602049
1.986095
3.50335
2.705903
1.716713
1.507162
1.541156
1.961388
1.704064
2.502506
2.137024
2.437914
2.676958
1.394613
1.331841
1.291078
2.160907
1.400235
1.825392
2.218566
2.34903
2.262673
2.132226
2.236252
2.212441
2.619901
2.132092
1.817375
1.999918
1.444392
1.329624
1.682043
1.410033
1.105266
1.033872
1.69503
1.685132
1.418877
1.563513
1.837458
1.772747
1.700782
1.371563
1.794166
2.058141
2.272637
2.05317
3.399681
2.41296
2.2756
1.687703
1.604541
2.022054
1.813051
1.790293
1.371405
1.162594
1.191383
1.825218
1.642819
1.57997
1.668702
1.843995
1.754387
1.556871
1.51166
1.138749
1.251694
1.378489
2.210145
1.507281
1.685173
1.41865
1.551939
1.744592
1.682377
1.45275
2.131654
2.131292
1.668926
1.449701
1.899234
1.115596
1.213004
1.370356
2.763935
2.551587
2.334404
1.992897
2.18604
2.529255
2.212531
1.840414
2.102315
1.970571
2.111735
2.084264
3.013911
3.152252
1.937715
2.070432
1.361276
1.170857
1.60404
1.813169
1.632159
1.749037
1.290478
1.539924
1.309507
1.538778
1.898237
1.595144
1.520501
1.604949
1.421803
1.669929
1.511881
1.778825
2.026794
1.87964
1.918348
2.614479
2.514562
1.822
1.51219
1.425467
1.245281
1.926203
2.354321
1.59807
1.590942
2.51178
