0.008803556
0.007757328
0.006143026
0.006724645
0.008299701
0.007727954
0.006789623
0.006837786
0.006991954
0.006381714
0.00522891
0.005411043
0.005371063
0.006430865
0.00705227
0.006866514
0.006696687
0.008054793
0.008088266
0.008015526
0.007636601
0.008319696
0.01035716
0.01018907
0.01134036
0.01503542
0.01738522
0.02144941
0.02384318
0.02332947
0.0296544
0.02395395
0.02481107
0.02646988
0.03329318
0.0354266
0.04086427
0.04117101
0.04747617
0.04617648
0.0390388
0.036646
0.04094571
0.0417587
0.0432475
0.04317723
0.04837443
0.05559652
0.04588189
0.04877498
0.04431891
0.04479346
0.04095339
0.04868292
0.05409313
0.05184686
0.05603812
0.05384088
0.05162553
0.04355029
0.04452051
0.04649946
0.05301577
0.05731031
0.04880928
0.05618851
0.05978695
0.04531181
0.06095979
0.05780105
0.05717701
0.05715459
0.04965068
0.06197184
0.05238701
0.04735873
0.04845226
0.04669414
0.04819203
0.04103379
0.04451077
0.03977933
0.04575211
0.03782923
0.03696333
0.0443184
0.04283913
0.04988033
0.05169152
0.04677738
0.05359688
0.04562333
0.04380021
0.04542335
0.04277524
0.05087282
0.05251107
0.05074116
0.04845813
0.04484915
0.04172939
0.0557953
0.05121547
0.04512565
0.0574375
0.05500914
0.04637464
0.04388469
0.03800138
0.03725528
0.0296327
0.0313206
0.02752308
0.02753987
0.0245456
0.0287763
0.03251886
0.03524763
0.03103566
0.0358836
0.0374867
0.029064
0.02787862
0.0264777
0.023653
0.02118006
0.02399871
0.02213487
0.02547999
0.02952789
0.03044534
0.03367253
0.03063107
0.03545523
0.03667557
0.04849295
0.05606899
0.06224616
0.0714243
0.07588539
0.07425525
0.08580997
0.08697357
0.08219128
0.06804946
0.06580622
0.07159757
0.04842791
0.03817367
0.03480947
0.03566069
0.03866631
0.03570047
0.03110102
0.03373261
0.02800752
0.02651551
0.02776739
0.0323524
0.03964465
0.03437073
0.03008404
0.03149639
0.03035174
0.03011088
0.02996968
0.03214984
0.02982893
0.02662854
0.02909712
0.0272608
0.02619125
0.02253157
0.02213882
0.02515468
0.02876676
0.03377597
0.02923494
0.02948431
0.02458212
0.02501655
0.02388673
0.0247956
0.02116097
0.0210899
0.02176515
0.02582724
0.02915377
0.03989745
0.02878302
0.03139694
0.02535477
0.02195433
0.0223384
0.02026938
0.02454879
0.02162801
0.02489012
0.02330382
0.02544426
0.02564147
0.02670241
0.02989228
0.02994575
0.03398449
0.03266401
0.03428115
0.03402803
0.0361714
0.03511544
0.03247698
0.03658735
0.04101227
0.03996749
0.04075702
0.03816648
0.03689048
0.03237551
0.03295088
0.03284389
0.02768132
0.02811754
0.02661692
0.026308
0.02627635
0.02565171
0.02831305
0.02332594
0.02128879
0.02278725
0.0195273
0.01776699
0.01814705
0.01639186
0.01801961
0.01718007
0.01594303
0.01445971
0.01537339
0.01590127
0.01498759
0.01334161
0.01378638
0.01223129
0.01445652
0.01396536
0.01295749
0.01374998
0.01242501
0.01497253
0.01380299
0.01575879
0.01963109
0.02213335
0.02236589
0.02301193
0.02174939
0.02479201
0.02325957
0.02053137
0.01816209
0.01373901
0.01395483
0.01208399
0.01533828
0.01266184
0.01564539
0.01532238
0.01722159
0.01848163
0.01865109
0.02365779
0.02169973
0.01789636
0.01431818
0.01252237
0.01077798
0.01218889
0.01185131
0.01244053
0.01310431
0.01238745
0.01534686
0.01142074
0.01289109
0.01371403
0.01369978
0.01169703
0.012279
0.01378684
0.01119421
0.01061011
0.01337865
0.01251482
0.01296343
0.01711818
0.01981081
0.01708872
0.02321719
0.02041156
0.01915326
0.01742294
0.01654425
0.01493909
0.01365002
0.01474253
0.01575372
0.01681476
0.01520759
0.01551654
0.01367607
0.01520808
0.01396167
0.01330585
0.0126532
0.01230431
0.01406816
0.0149301
0.01454448
0.01310484
0.0122042
0.01554943
0.01852543
0.01678021
0.01375482
0.01300363
0.01372252
0.01379162
0.01338437
0.0182947
0.021366
0.02008548
0.01991551
0.0176889
0.02052306
0.01858297
0.02331547
0.02125284
0.02125842
0.02120329
0.02052729
0.02456013
0.02106544
0.02396803
0.02208547
0.02386246
0.02800469
0.02342615
0.02497643
0.02214255
0.0195017
0.02349811
0.02561227
0.02225008
0.01969864
0.01778372
0.01914953
0.02442347
0.02362288
0.02790426
0.03066925
0.03865454
0.02746263
0.02937468
0.02837893
0.02334655
0.02445342
0.02496876
0.0228748
0.02088609
0.02188085
0.02154865
0.02093235
0.02084439
0.02335672
0.02452389
0.02725845
0.02716977
0.02558461
0.02364914
0.02303922
0.02335533
0.02065316
0.02497814
0.02429045
0.02293601
0.02377813
0.02223842
0.02696902
0.03058712
0.02714071
0.0283785
0.02474303
0.02857592
0.02714433
0.02128928
0.02261691
0.02164945
0.02554489
0.02535472
0.02230379
0.02124224
0.02336048
0.0233835
0.01992125
0.0210874
0.02296253
0.01998799
0.01810875
0.0179175
0.01774886
0.01996907
0.01909684
0.01509705
0.01295512
0.01167117
0.01159453
0.01321347
0.0139684
0.01325272
0.01278675
0.01153116
0.01146212
0.01434922
0.01511865
0.01640641
0.01706157
0.01658323
0.01529993
0.01891769
0.02116075
0.02282565
0.02174039
0.02100172
0.02226098
0.02206847
0.02565056
0.03578912
0.03187691
0.03392897
0.03471071
0.03904258
0.03847829
0.04012745
0.03782113
0.03806888
0.03998499
0.04160999
0.03313622
0.03012673
0.02663261
0.02509803
0.02320534
0.02329694
0.02752314
0.03086121
0.02674779
0.02548126
0.02603435
0.0269286
0.02940071
0.03131678
0.03435503
0.03573867
0.03979709
0.04305632
0.03952701
0.03646955
0.03848493
0.04843399
0.03959693
0.04572884
0.04972983
0.05409573
0.05343732
0.04569023
0.05440917
0.05245776
0.05401438
0.05033369
0.06081762
0.05024469
0.05706918
0.0515789
0.05422602
0.05582771
0.06623447
0.05259374
0.06197474
0.05627046
0.0482848
0.05853735
0.06459258
0.0601457
0.05128848
0.06625197
0.07184017
0.06202408
0.0766204
0.06355692
0.06878806
0.07037591
0.07343642
0.0701056
0.07710633
0.09154543
0.09879582
0.1035651
0.1167874
0.1018395
0.1047309
0.094173
0.1034674
0.1110703
0.1270054
0.1100485
0.09177254
0.0996243
0.1006975
0.1193519
0.1107288
0.1264557
0.1347062
0.1071579
0.1184896
0.1138161
0.1209202
0.1107202
0.1138299
0.1081321
0.1160929
0.1174668
0.1188475
0.1182196
0.1195736
0.1316468
0.12659
0.1491612
0.1352466
0.1325118
0.1282108
0.1677329
0.1586784
0.1376262
0.1527302
0.1490089
0.1401348
0.1578811
0.1288917
0.1348277
0.1422843
0.1265987
0.1476108
0.1297825
0.1230509
0.14581
0.1345495
0.1238828
0.1573718
0.1183394
0.1148609
0.09759775
0.09481991
0.09008856
0.09685699
0.08908463
0.09896464
0.08715947
0.08264555
0.08560644
0.09813411
0.1128551
0.0974741
0.1039741
0.1036436
0.1051836
0.1107353
0.1024438
0.1077734
0.1033937
0.1130903
0.1053356
0.09932524
0.10463
0.110353
0.1014838
0.1047683
0.1072593
0.1008123
0.08775552
0.0874724
0.08407952
0.07778606
0.08368157
0.07864925
0.1010872
0.08835191
0.09812329
0.09978144
0.0959581
0.09777891
0.09201875
0.1078397
0.09648835
0.104633
0.09772366
0.09612659
0.09008588
0.09871354
0.1101327
0.11998
0.1084505
0.0878852
0.1074611
0.09164598
0.08251185
0.09303566
0.09901534
0.09106631
0.1011249
0.1169017
0.08806427
0.08929972
0.0982715
0.1004364
0.1010784
0.09013456
0.08113085
0.07982571
0.07838705
0.07996181
0.08951813
0.08577309
0.0843346
0.07999441
0.07944895
0.07696049
0.07989207
0.07070702
0.06904762
0.0787404
0.08332218
0.07309941
0.06538169
0.06890419
0.0682636
0.06545177
0.06881673
0.06291927
0.07298752
0.05998692
0.05639369
0.05184264
0.04857532
0.05833358
0.06029018
0.07420565
0.06983273
0.07189503
0.06171678
0.06580131
0.06979361
0.08115157
0.0903355
0.1001964
0.1056976
0.09272409
0.0807167
0.1008225
0.1041529
0.09091939
0.1023989
0.09501186
0.09611993
0.08238761
0.07106247
0.06579565
0.07059918
0.05709323
0.06652034
0.0673093
0.07506953
0.07991386
0.06556784
0.05755548
0.0559443
0.05934458
0.05886189
0.0516448
0.05084631
0.04608599
0.04761254
0.0527735
0.06507223
0.04767722
0.04104256
0.04003798
0.03919836
0.04686328
0.05686875
0.04802702
0.04325701
0.03562716
0.03863747
0.03281071
0.03385991
0.03008865
0.02643278
0.02480421
0.02138003
0.02135324
0.02432021
0.02676339
0.02700464
0.02425357
0.01994047
0.02229172
0.02232811
0.01625557
0.01362217
0.01441659
0.01382679
0.02077159
0.02096602
0.0205393
0.01922388
0.018832
0.01926158
0.02099678
0.01826437
0.02033184
0.02126201
0.02284063
0.01838353
0.01455003
0.01480758
0.01388967
0.01718744
0.012657
0.01513024
0.01176782
0.009053034
0.009209129
0.009220076
0.01046105
0.009520207
0.00889857
0.009666099
0.007015612
0.00805448
0.007727422
0.008470312
0.00875153
0.00979603
0.01044392
0.01010008
0.01128144
0.01244368
0.01265188
0.01188151
0.01301824
0.01235996
0.01065964
0.009438366
0.009354086
0.009478158
0.008020119
0.007601779
0.007187695
0.009807159
0.01068556
0.01301345
0.01289733
0.01236702
0.01456584
0.01718657
0.01900087
0.01764726
0.01725439
0.01600136
0.02029707
0.02080505
0.01648016
0.02103201
0.02540923
0.02062764
0.02069471
0.01833924
0.01875414
0.02059213
0.02095544
0.02103667
0.02056399
0.01394278
0.01376037
0.0173018
0.01830428
0.01253502
0.0117309
0.01367527
0.01697219
0.02040986
0.02053782
0.02092754
0.02218804
0.0229717
0.02158057
0.02294191
0.02274426
0.02045617
0.02179905
0.0197931
0.02209737
0.02014401
0.01646913
0.01514717
0.01637399
0.01805018
0.01556122
0.01396257
0.01603845
0.01722496
0.01824354
0.02087003
0.02360779
0.02239596
0.01950627
0.02172318
0.02233919
0.02631244
0.02912598
0.0342502
0.04270638
0.04011406
0.03529125
0.03533785
0.03782816
0.03679018
0.03191815
0.03545096
0.03381983
0.03555764
0.03157477
0.02964543
0.02999758
0.03302113
0.03072184
0.03180156
0.03232603
0.03478898
0.04079353
0.03839535
0.03454022
0.03774908
0.04288381
0.04343883
0.05050502
0.0450327
0.05217847
0.05026552
0.05347352
0.05588069
0.05069887
0.05405211
0.05812268
0.04868793
0.04813285
0.04740212
0.04931723
0.0450121
0.05315154
0.04649394
0.04901268
0.05338158
0.06124988
0.05130766
0.05382962
0.05320255
0.04784187
0.04832324
0.05793842
0.05066948
0.06258537
0.05359821
0.05352637
0.04875906
0.05247221
0.04548586
0.05137087
0.05713183
0.05359271
0.06175061
0.05675707
0.04954336
0.03601841
0.03420221
0.03484649
0.03769063
0.03370379
0.04010861
0.03006734
0.02960277
0.02712311
0.0283925
0.02964987
0.03095375
0.03115114
0.02771364
0.03067237
0.0375523
0.04138072
0.03530982
0.0341658
0.0327101
0.03118772
0.03365893
0.03014417
0.03148854
0.02865808
0.02971921
0.02634493
0.02819965
0.03506632
0.03624883
0.03464603
0.03224221
0.03257997
0.03811268
0.03537273
0.0343598
0.03446488
0.03987446
0.04317411
0.03980152
0.03895537
0.03652439
0.03410497
0.03806168
0.04019831
0.04826359
0.04287543
0.04021575
0.04728656
0.05365549
0.04497033
0.05255029
0.04326362
0.04777098
0.04289258
0.04168435
0.04206429
0.037227
0.03522535
0.03468369
0.03432349
0.03741055
0.03018664
0.03037237
0.0293127
0.0266912
0.02375011
0.03346302
0.03538136
0.04318023
0.0498382
0.04456931
0.03819709
0.04119022
0.03736805
0.03363965
0.03087576
0.02872407
0.02949069
0.02622584
0.02175128
0.02426913
0.0219156
0.01972861
0.01830474
0.01643599
0.01481684
0.01621339
0.02085605
0.01871323
0.01937812
0.02527936
0.02063576
0.02358412
0.02378159
0.03239579
0.02947279
0.02831661
0.03268461
0.03301646
0.03421548
0.03630665
0.04415777
0.03862298
0.03722088
0.03505355
0.03788002
0.03934684
0.03578887
0.03462136
0.03217628
0.0372225
0.0434376
0.03958998
0.04088007
0.03456527
0.03354526
0.03273162
0.03237161
0.03128756
0.03072887
0.03732024
0.03987579
0.03989742
0.04635646
0.05098162
0.04930288
0.0364398
0.03333201
0.03945703
0.04639453
0.04713382
0.04629915
0.05434644
0.05818255
0.04997706
0.04438521
0.04907641
0.05438967
0.05682979
0.04570724
0.04654472
0.04750091
0.03600171
0.03565813
0.03773684
0.03612189
0.0433785
0.04674997
0.0394375
0.03108052
0.03474906
0.0382293
0.04974228
0.04539995
0.05269994
0.04845154
0.05454853
0.05552354
0.04920141
0.04422903
0.04690244
0.04350905
0.04144939
0.04060063
0.03695861
0.03155556
0.04094167
0.04446674
0.04146403
0.03550222
0.03580544
0.03613599
0.03562657
0.03424592
0.03422426
0.03149921
0.03243463
0.0277922
0.02725239
0.03765755
0.03550197
0.03485925
0.03613074
0.03523597
0.03240216
0.03100239
0.03927236
0.03106602
0.02736753
0.02774706
0.02537631
0.02443055
0.03018672
0.03329792
0.03249516
0.04205027
0.04231552
0.0411787
0.03952959
0.04702227
0.05158303
0.05191496
0.0570345
0.04721133
0.04292926
0.04911578
0.04125644
0.0474329
0.04847259
0.0418976
0.04286119
0.03973832
0.03711261
0.04025937
0.04344615
0.04248404
0.04337485
0.04434269
0.04264907
0.04167906
0.04397818
0.05571889
0.05476355
0.04995846
0.05486232
0.04342385
0.04375955
0.04505584
0.04465032
0.04782455
0.05447732
0.06302806
0.06209695
0.05202982
0.05009789
0.05079509
0.04481984
0.04271324
0.04892961
0.04217575
0.04658428
0.04688321
0.05017246
0.04796485
0.04581557
0.04146888
0.04287157
0.03703114
0.03708865
0.0418132
0.05056813
0.04327774
0.04065331
0.04211661
0.03851476
0.03939903
0.03610167
0.03180562
0.03915347
0.04076392
0.03342323
0.02857297
0.02930509
0.03173975
0.02789677
0.03140496
0.02854687
0.02713073
0.03255477
0.03141921
0.03127952
0.02713568
0.02767767
0.0247449
0.025725
0.02619433
0.03354519
0.03517387
0.0468046
0.05348852
0.04823439
0.05905522
0.06726657
0.0684627
0.07101979
0.06993989
0.07413265
0.06550509
0.05518106
0.05706167
0.05493321
0.05810154
0.05615735
0.0474317
0.03962299
0.04656822
0.05024765
0.04583741
0.04658781
0.04942284
0.05061816
0.04951928
0.04472352
0.04781715
0.05732968
0.05761533
0.04983753
0.04819105
0.05092354
0.05633684
0.05103817
0.04551637
0.04664209
0.04183215
0.04149538
0.04657954
0.04515976
0.04793531
0.03906627
0.04050979
0.03347554
0.02901482
0.03490258
0.03792851
0.05117503
0.04844061
0.05984484
0.05194827
0.06271388
0.05016256
0.04349617
0.04903188
0.0494985
0.05825023
0.05322619
0.05277153
0.05702044
0.0523117
0.04983366
0.05717999
0.04825995
0.0632994
0.05954616
0.06242573
0.06294165
0.06320563
0.05932258
0.06716245
0.06102415
0.06666823
0.06001635
0.07576201
0.08467597
0.08683228
0.09555454
0.08967956
0.07848704
0.08979004
0.07067493
0.08061167
0.07590779
0.08587942
0.08668846
0.09290939
0.09382285
0.08875662
0.08021442
0.08102665
0.0788818
0.07871907
0.05920843
0.06154277
0.05599254
0.06120978
0.05420843
0.06362153
0.06785606
0.06574235
0.06882894
0.09750796
0.07210641
0.08822825
0.09093532
0.08247405
0.0817912
0.07942697
0.09482539
0.08617895
0.08038162
0.08890327
0.09114965
0.09707856
0.09115244
0.08648672
0.09112991
0.06909094
0.08468753
0.07628094
0.07821356
0.08837698
0.07882449
0.0815611
0.084847
0.07743562
0.08332917
0.1047937
0.08362599
0.09762376
0.08620271
0.08373464
0.07975362
0.07999765
0.08466859
0.07563108
0.07838758
0.08364265
0.086814
0.1012698
0.08439626
0.09300719
0.08648935
0.08863683
0.09709243
0.1007142
0.1166595
0.101868
0.1061261
0.1001103
0.08680824
0.08036073
0.08640413
0.07985885
0.07677475
0.07828691
0.08078668
0.07507878
0.06367507
0.0663804
0.07348626
0.06845073
0.05931092
0.06548409
0.06635792
0.06647433
0.06652596
0.0792997
0.07817325
0.08361854
0.101136
0.1268413
0.117544
0.1025843
0.1068616
0.1233882
0.1235329
0.1125716
0.1002843
0.09850064
0.1171108
0.1064431
0.116004
0.1056129
0.1233812
0.1124237
0.1080699
0.0956589
0.1040616
0.09038923
0.09449738
0.09539642
0.08197895
0.08226047
0.06054491
0.06473235
0.05631135
0.04711268
0.04990493
0.0485196
0.05130322
0.04435815
0.05003151
0.05371492
0.06094102
0.05668523
0.0521774
0.05946898
0.06276058
0.07241606
0.07119348
0.06903154
0.07760849
0.07263158
0.07460147
0.08398487
0.07284436
0.06814766
0.06476464
0.06846385
0.06743821
0.07230442
0.06740189
0.06567059
0.07497675
0.06848097
0.06741987
0.05963409
0.07641234
0.06316646
0.05982308
0.06396377
0.05826874
0.07371038
0.0689597
0.065992
0.07174397
0.06302693
0.05729842
0.05394534
0.06120085
0.06597672
0.07390902
0.07943783
0.06841058
0.05911122
0.05087572
0.04972575
0.04894504
0.0446898
0.05272315
0.05465958
0.04612873
0.05334336
0.04808649
0.06402854
0.06953484
0.08390933
0.075951
0.06694809
0.06999748
0.0589537
0.07488916
0.07860172
0.08046084
0.0764858
0.06390406
0.06204317
0.05292285
0.06302272
0.05944115
0.05893897
0.06627494
0.06071096
0.05587433
0.06807804
0.07240371
0.0619812
0.06383846
0.06823877
0.06489916
0.06054826
0.05879606
0.05090978
0.04569797
0.04244581
0.04639297
0.05144652
0.05320496
0.0537296
0.05231258
0.05191307
0.0496228
0.05393316
0.05106152
0.04414866
0.05611528
0.0523262
0.05097847
0.05591349
0.05422547
0.04765388
0.05042628
0.0521002
0.05022429
0.04091621
0.05334666
0.05148023
0.04732482
0.04508697
0.04458571
0.04636549
0.05675561
0.06603563
0.05175626
0.05765745
0.05242223
0.05019915
0.0462059
0.04565709
0.04950797
0.05751711
0.05824152
0.05600807
0.06009364
0.06046483
0.0611142
0.05681213
0.05453187
0.04238636
0.04890685
0.06289708
0.06577865
0.07296382
0.0676433
0.06466999
0.05839337
0.07616034
0.08632816
0.07083973
0.08067074
0.0793341
0.06910782
0.07606104
0.08006761
0.09133135
0.09653374
0.08788413
0.06690789
0.06522172
0.07770373
0.07663134
0.07253849
0.07495122
0.062993
0.07755637
0.08677325
0.09210704
0.0974423
0.09364966
0.1033181
0.08300259
0.08015398
0.08753089
0.0888504
0.084473
0.08353854
0.07807394
0.0830835
0.08628705
0.08802765
0.09088117
0.08728221
0.1008175
0.1077953
0.1141214
0.1143015
0.1163846
0.1106171
0.125935
0.1400486
0.1643711
0.1510474
0.1493612
0.1421336
0.1445828
0.1519129
0.1229772
0.1402494
0.1419211
0.1343615
0.1272274
0.1347551
0.1349731
0.1569956
0.1474904
0.1502194
0.1479067
0.1584801
0.1433597
0.1451837
0.1314931
0.1371018
0.1528752
0.1270477
0.1504648
0.1453196
0.1455269
0.1408179
0.1122779
0.1240034
0.1374777
0.1217302
0.119778
0.1268361
0.1027297
0.1031854
0.1163481
0.1089429
0.1313344
0.1112155
0.1168654
0.1193297
0.1156801
0.1024735
0.1005129
0.1015489
0.08960667
0.09726793
0.09583947
0.07750463
0.07325048
0.08487326
0.08063541
0.08317108
0.07998766
0.07623377
0.07638496
0.07231758
0.06755501
0.07307913
0.07267013
0.07917143
0.07209974
0.07182621
0.07576667
0.06371287
0.06395734
0.06942085
0.07057047
0.06367513
0.07172877
0.04988629
0.05830351
0.0648719
0.06045366
0.05076854
0.05342201
0.05830874
0.06717437
0.05873951
0.06306181
0.0565535
0.05201438
0.05331703
0.05034698
0.04319224
0.05215481
0.0396859
0.03930611
0.04890903
0.04310814
0.04285504
0.04615994
0.05753342
0.0457555
0.05620288
0.05863945
0.06970455
0.06735435
0.06075115
0.07874977
0.08072235
0.09552075
0.0884808
0.0821978
0.07940581
0.08480101
0.09291675
0.09026027
0.09287003
0.08627001
0.08150322
0.08335384
0.09438678
0.07922048
0.07078892
0.06371645
0.06738264
0.06370574
0.05309512
0.06843219
0.07645924
0.08804375
0.1026946
0.1135437
0.1083159
0.1092097
0.1314593
0.1344189
0.1172464
0.1438948
0.1362507
0.1354352
0.1456854
0.1339815
0.1225867
0.09413496
0.07219351
0.06691674
0.06345524
0.05980529
0.07070507
0.07441494
0.06968521
0.08294927
0.0859438
0.07388488
0.07352662
0.08051544
0.09281228
0.08689643
0.09691084
0.08548444
0.1013678
0.09594891
0.1033787
0.08556008
0.09107928
0.1033753
0.09254409
0.1059622
0.1226103
0.1172175
0.1038031
0.1187774
0.1271397
0.1241548
0.1132698
0.1069323
0.1106018
0.1201431
0.1129401
0.1104957
0.1053794
0.1068837
0.1179477
0.08285525
0.08016955
0.07407991
0.08345253
0.07931074
0.0777343
0.09517294
0.1066818
0.1079713
0.09997373
0.1127955
0.09969232
0.1052393
0.09766139
0.08608479
0.07759899
0.1021661
0.1006496
0.0913685
0.09156758
0.0893651
0.08678382
0.09772437
0.09237899
0.1009591
0.08322022
0.07793924
0.08243563
0.07453252
0.06933576
0.07161939
0.06864038
0.05996065
0.06198178
0.06558822
0.05803849
0.05509437
0.05891145
0.05737349
0.05447676
0.0545815
0.04837963
0.03785992
0.04197304
0.04582523
0.04888882
0.04900573
0.05506318
0.04920747
0.0548008
0.06712673
0.07060677
0.06935598
0.07435763
0.07475911
0.06540242
0.05425026
0.06008908
0.0785405
0.09164215
0.1055178
0.09044682
0.0889219
0.09714919
0.1072776
0.1372943
0.1091082
0.1053105
0.1017407
0.1094701
0.1090149
0.09186871
0.101109
0.1075446
0.09287878
0.1054885
0.09724939
0.1059998
0.1091566
0.09617869
0.08242051
0.09239386
0.08214058
0.07762182
0.0680572
0.06615606
0.07081038
0.08307211
0.09309814
0.1032202
0.07849497
0.0824643
0.07727079
0.07754
0.0717848
0.07193809
0.07392953
0.06625815
0.06779321
0.06871709
0.06676094
0.06424136
0.06210996
0.0580127
0.05387278
0.06021178
0.05604341
0.05744246
0.05694081
0.05049587
0.05414841
0.05314428
0.05740302
0.05661573
0.05093723
0.05411202
0.05135843
0.04547479
0.05144226
0.05357799
0.05491212
0.05502156
0.06250723
0.07923485
0.06803031
0.05998167
0.06382615
0.07586242
0.07102981
0.0810118
0.0788851
0.07868263
0.07600878
0.07933027
0.07829031
0.074222
0.07829639
0.07728097
0.06835069
0.07853
0.06756121
0.08647896
0.09053725
0.09735113
0.1021353
0.08649089
0.09200577
0.07761758
0.08913834
0.07937533
0.08215463
0.08929454
0.06570263
0.05728054
0.06030522
0.0555202
0.05460678
0.05913479
0.07078704
0.06923317
0.06783677
0.06968652
0.06952081
0.0681043
0.07198747
0.06947492
0.07170741
0.06938162
0.08455728
0.08124072
0.0754344
0.07472885
0.08077782
0.08625835
0.08451665
0.07969818
0.0813668
0.08241518
0.08672646
0.08449789
0.08017152
0.07756551
0.07646201
0.08748122
0.09215931
0.0859857
0.08446804
0.07488218
0.07781416
0.08686207
0.07314423
0.09914855
0.1013005
0.1015425
0.07296532
0.07495507
0.068819
0.05994233
0.05775976
0.05570281
0.05898337
0.0594634
0.06307064
0.06442495
0.07101906
0.05996849
0.06599509
0.06089391
0.06386601
0.07679145
0.08380287
0.09062658
0.1038493
0.08825798
0.08500654
0.07331322
0.07929637
0.07490931
0.07210656
0.06174625
0.05936465
0.0649427
0.05215886
0.05820951
0.06617695
0.06991553
0.07525835
0.07536886
0.07323668
0.06597664
0.06080202
0.06072608
0.05332192
0.051792
0.05677994
0.05268222
0.04904315
0.04668212
0.05332631
0.04763823
0.0532037
0.04878293
0.05699432
0.05243311
0.05509239
0.06548985
0.06792259
0.08079961
0.08666385
0.08198586
0.07932424
0.07916329
0.08523999
0.09158843
0.08747651
0.09253375
0.1001277
0.0957701
0.09045685
0.08826732
0.09298877
0.08557568
0.07787855
0.0834485
0.08014902
0.06973556
0.07486656
0.07564602
0.07663253
0.07480099
