1.084919
0.9924491
1.017071
1.094932
1.52546
1.816987
1.932252
1.965035
2.228868
2.417774
1.774609
1.724345
1.448947
1.579354
1.558934
1.51036
1.574588
1.701924
1.580919
1.87745
1.539544
1.723855
2.110726
1.568967
1.675013
1.63539
1.50587
1.487619
1.35303
1.366749
1.371344
1.727035
1.615068
1.794873
1.433093
1.38624
1.347616
1.156001
1.10844
1.095395
1.108723
1.051807
1.051687
1.27456
1.577556
1.471916
1.33631
1.130474
0.9128652
0.8230255
0.9515175
0.8967972
0.9197199
0.9460403
1.068034
1.062702
0.9619412
0.900712
0.9247452
0.9514822
1.210126
1.323329
1.674737
1.619365
1.603318
1.738631
1.907875
1.680135
1.675099
1.519105
1.370901
1.773181
1.655099
1.626741
1.943969
2.27284
1.67553
1.77809
1.725797
1.676419
2.291469
2.19652
1.827383
1.59065
1.444737
1.1654
1.193591
1.338496
1.240451
1.428384
1.629739
1.718102
1.665083
1.748803
1.589862
1.626849
1.468555
1.428092
1.083011
1.140898
0.8606961
0.9399862
0.9618507
0.9700313
0.8464735
1.079092
1.465347
1.722771
1.517855
1.529158
1.414149
1.689694
1.708822
1.412739
1.286565
1.197561
1.163797
1.138488
1.103271
0.9505109
1.035294
1.219482
1.258365
1.50943
1.712667
1.610767
1.579973
1.584059
1.452671
1.822289
1.525491
1.524698
1.354178
1.500696
1.708386
1.626626
1.398255
1.175094
1.414111
1.374331
1.617737
1.428595
1.158568
1.094718
1.117567
0.7376042
0.9160261
0.8172609
0.7846044
0.6636701
0.6299534
0.6162614
0.6705691
0.8498137
0.88664
0.8372583
0.8543411
1.007564
1.224954
1.411703
1.204186
1.253778
1.201688
1.195163
1.328233
1.414497
1.597182
1.415701
1.353033
1.093623
0.8275454
0.767323
0.7354237
0.8679553
0.8975461
0.9201572
1.01256
0.990435
0.9186351
0.9401107
1.084105
1.077585
1.236841
1.06889
1.051151
0.9187204
0.9068005
1.107375
1.109464
1.263746
1.400954
1.43048
1.623706
1.714262
1.772825
1.842515
1.4288
1.576884
1.504403
1.494555
1.612937
2.106316
2.065867
1.745664
1.524401
1.494817
1.537564
1.149739
1.261914
1.368772
1.25177
1.411339
1.296755
1.32595
1.413378
1.302591
1.222761
1.464083
1.592457
1.648584
1.618149
2.113143
1.839259
1.951473
1.7777
1.538542
1.620966
1.466163
1.437359
1.248362
1.437604
1.575506
1.225757
1.221436
1.096343
1.098552
1.046818
1.143726
0.9893025
0.9510846
0.867276
0.7543996
1.043406
1.12016
1.231132
1.389913
1.410292
1.439462
1.358464
1.075578
1.225991
1.039723
0.8787684
1.044331
1.383749
1.546013
1.461871
1.425685
1.249537
1.312327
1.431261
1.128563
1.211588
1.042321
1.004528
0.9718908
1.069718
1.047437
1.024071
0.9160299
0.9063732
1.009288
1.019955
1.212176
1.851545
1.741842
1.417876
1.201882
1.413843
1.354535
1.510855
1.265567
0.9859882
0.960257
1.209265
1.595828
1.58664
1.595807
1.350507
1.444828
1.67874
1.440606
1.525455
1.551046
1.46891
1.470762
1.630657
1.415035
1.181644
1.052961
0.9267821
0.9365927
1.037318
1.335929
1.382588
1.586008
1.476191
1.554807
1.527547
1.275174
1.133202
1.117685
0.9725396
1.088266
0.717181
0.6918251
0.7671028
0.7627246
0.6565079
0.6462436
0.6537033
0.8450507
0.7861933
0.8610628
0.9849512
1.394876
1.499142
1.108483
1.068945
1.372722
1.274015
1.455475
1.422354
1.606984
1.515861
1.479602
1.564233
1.194992
1.144147
1.001513
1.123058
1.078655
1.240619
1.105198
1.441244
1.655911
1.394476
1.450429
1.81815
1.721458
1.554253
1.394023
1.343604
1.530811
1.370322
1.184047
1.199863
1.03278
0.8745127
0.8043862
0.8029416
1.005808
0.9310754
1.068624
1.175009
1.116649
1.294787
1.053097
1.049981
1.136525
1.016154
1.220159
1.281568
1.281129
1.475746
1.447692
1.619638
1.485264
1.518144
1.295775
1.18818
1.186403
1.216219
1.059445
1.178859
1.322597
1.410535
1.556468
1.337437
1.521122
1.306101
1.546851
1.611731
1.344236
1.234529
1.133383
1.269682
1.741383
1.934759
1.857502
1.873693
2.104327
1.567285
1.640878
1.515972
1.482541
1.252569
1.036283
1.11169
1.167887
1.052389
1.067904
1.1969
1.007476
0.8981365
0.9006929
0.8032608
0.5926862
0.6932813
0.6806072
0.6638224
0.8379797
0.8321143
0.9564764
1.115525
0.8510299
1.112409
1.227126
1.262286
1.318155
1.593955
1.43133
1.554952
1.362051
1.409322
1.450647
1.456155
1.403779
1.475244
1.499971
1.397638
1.901204
2.161668
1.823243
1.8428
1.809917
1.461551
1.254303
1.240354
1.237991
1.297513
1.011419
0.9511181
0.9971353
1.22621
1.074862
0.9655819
1.084638
1.035061
1.324175
1.184982
1.095604
1.448305
1.578142
1.438099
1.387126
1.481282
1.217532
1.463024
1.282117
0.9344594
1.016205
1.06957
0.8604663
0.9091892
0.8276478
0.8938188
1.074008
1.128665
1.10045
0.9808473
1.200531
1.268009
1.506845
1.418193
1.528076
1.317889
1.460057
1.301362
1.063929
1.215348
1.26785
1.352595
1.336464
1.267448
1.071363
1.041048
1.216393
1.078143
1.153753
1.263546
1.45999
1.2333
1.243219
1.408769
1.609713
1.543795
1.673773
1.643689
1.52663
1.712439
1.392918
1.253746
1.13213
0.9844442
1.13283
1.231814
1.419575
1.281694
1.204148
1.056325
1.125286
1.066587
1.089803
1.342497
1.437242
1.328847
1.290446
1.287818
1.327454
1.524862
1.427208
1.35988
1.23184
1.287815
1.090402
0.9429431
0.8088222
0.7984019
0.968087
1.053876
1.234185
0.978151
0.967515
1.020804
0.8603553
1.317494
1.078992
0.9530014
1.121116
1.018304
1.041737
0.8970355
0.8673367
0.8007662
0.8094889
0.9517741
0.9161107
1.08364
0.8192513
0.938039
0.8054379
0.7630123
0.6657195
0.6708642
0.8863812
1.051757
1.249285
1.24042
1.000544
1.061978
1.053704
1.04881
1.140677
1.073551
0.8851528
0.9385009
0.9584407
1.019187
0.9953571
1.176295
1.235782
1.217653
1.034076
0.8067156
1.033111
0.9154371
1.148285
1.309473
1.145376
1.14846
1.065067
1.203485
1.329282
1.113182
0.9721079
0.7981059
1.104147
1.004433
1.01696
1.18662
1.404381
1.421078
1.304342
1.078645
1.176641
1.216755
1.497717
1.253578
1.466652
1.398596
1.31485
1.042312
0.9149544
1.096693
1.056891
1.16957
1.183805
1.042334
0.9693579
1.205789
1.265821
1.545022
1.53965
1.608286
1.347247
1.267365
1.156436
1.102758
0.9992829
1.010925
0.9604847
1.298026
1.216428
1.569476
1.478098
1.307266
1.323346
0.9051841
0.7878909
1.136966
1.269923
1.232824
1.360668
1.342333
1.247435
1.103971
1.390213
1.746389
1.43099
1.268392
1.474649
1.599642
1.666433
1.627262
1.108016
1.402892
1.229736
1.103055
1.0824
1.012466
0.9531357
0.8299965
0.7707138
0.6975312
0.9363027
0.982046
1.026532
0.9278038
0.9375085
0.8616081
0.8961242
0.9430283
1.060595
1.119838
1.163882
1.086329
1.152231
1.137247
1.233713
1.321191
1.415951
1.01801
0.7478964
0.9882736
1.148663
1.212024
1.564215
1.375513
0.9734986
0.795607
0.9083764
1.201579
1.331192
1.109318
0.9044014
1.012738
0.9359859
1.166006
1.19438
1.226692
1.102398
1.065246
0.9924941
0.8789656
0.8176113
0.8636133
0.8718303
1.088146
0.9147083
1.036043
1.025675
1.043623
0.9288617
0.9147129
0.93608
0.8894841
0.942137
0.8605468
0.9153333
0.8850958
0.7358277
0.9536479
1.151864
0.9794164
0.9755657
1.067992
0.8820245
0.6961584
0.827003
0.840033
0.9301265
1.055393
1.240871
1.17796
1.234489
1.450906
1.138028
0.8508243
0.9166928
1.030626
0.9004489
0.7257844
0.7328007
1.127939
1.333819
1.059333
1.35898
1.382037
1.234229
1.397989
1.127078
1.320772
1.343463
1.368397
1.579425
1.49105
1.615702
1.620806
1.67547
1.431592
1.589623
1.282046
1.396411
1.744169
1.376187
1.275112
1.145452
1.200117
1.208811
1.022057
0.9856704
0.8012798
0.8055552
0.9070956
0.9591783
0.9839046
1.054921
1.189554
1.17103
1.177742
0.8979465
1.104342
1.010481
1.109047
1.033691
0.9013821
1.030912
0.983289
1.033774
0.9689917
1.130042
1.051515
0.9828705
1.139147
1.307244
1.106356
1.314372
1.327243
1.231257
0.9372521
1.198951
1.083025
1.058732
1.083576
1.267304
1.453272
1.50562
1.476997
1.601445
1.727783
2.078868
2.199229
1.83871
1.99927
2.221889
2.703945
2.303065
1.937604
1.811977
2.19955
2.131717
2.159234
2.003723
1.78095
1.40416
1.406772
1.485403
1.772091
1.60418
1.631355
1.392748
1.619758
1.602075
1.558719
1.611392
1.760413
1.784984
2.38398
2.079605
1.929906
1.702145
1.736101
1.736534
1.571465
1.808966
1.561175
1.855702
1.629481
1.654338
1.449857
1.46297
1.567967
1.459741
1.486839
1.312805
1.544775
1.566121
1.397384
1.56515
1.309436
1.396942
1.694179
1.727272
2.201036
1.801978
1.711404
1.579051
1.633621
1.421409
1.297352
1.292732
1.380902
1.474138
1.430341
1.291566
1.267646
1.239442
0.9597534
1.245187
1.480011
1.41701
1.763634
1.623592
1.512484
1.174212
1.168757
1.194442
1.189932
1.126378
0.9119518
0.9308591
1.215147
1.359042
1.252297
1.056088
1.382005
1.342063
1.821321
1.746131
1.900625
1.904099
1.853411
1.639874
1.867474
1.265787
1.1756
1.327276
1.475867
1.340395
1.353296
1.454564
1.614054
1.629474
1.456997
1.162974
1.306269
1.494535
1.515737
1.301589
1.240345
1.341193
1.502324
1.663084
1.927953
2.035865
1.812773
2.357284
2.01071
2.077084
2.159601
1.909088
2.231038
1.777676
1.677229
2.007455
1.766551
1.88327
1.834612
1.79456
1.279447
1.25059
1.355925
1.358254
1.466387
1.714501
1.781695
1.729464
1.767634
1.852509
1.665325
1.582161
1.754443
1.873236
2.216801
2.238386
1.691334
1.753834
1.444586
1.220061
1.053836
1.076937
1.159742
0.9609338
1.134276
1.008119
0.8812015
1.025065
1.061942
1.086166
1.118118
1.203221
1.196025
1.008858
0.9162139
0.7713931
0.7969218
0.8329845
0.8276724
0.8577963
0.804294
0.9424544
0.8948109
0.7308669
0.8818173
1.023436
0.845759
0.7543725
0.7841546
0.871318
0.9668528
0.9133024
0.9148827
1.005127
1.175372
0.9044496
0.7671933
0.9677527
1.251841
1.393772
1.293955
1.066748
1.254038
1.570849
1.77811
1.669122
2.006998
1.723701
1.804631
1.471655
1.639976
1.542595
1.543603
1.340952
1.2256
1.380367
1.247137
1.21623
1.092195
1.245772
1.120788
1.210718
1.257986
1.163015
1.112635
1.395233
1.123455
1.225073
1.071842
1.147029
1.196323
1.276165
1.36456
1.356719
1.178011
1.365298
1.399878
1.656492
1.34649
1.331721
1.488864
1.457406
1.385238
1.562587
1.754936
1.690746
1.808011
1.875178
1.603786
1.410824
1.493582
1.578546
1.668363
1.414237
1.522032
1.606676
1.356044
1.17484
1.077873
0.9425138
0.9910085
0.934311
1.026376
0.9499574
0.8899553
1.192215
1.279185
1.340192
1.576406
1.677423
1.585599
1.76233
1.341476
1.519638
1.407389
1.550005
1.396694
1.279545
1.390877
1.4194
1.176702
0.9963492
0.9315109
1.079224
0.9616868
0.8790373
0.8975411
0.8900025
1.077022
1.087687
1.112809
1.209516
1.232663
1.13346
1.348322
1.210803
1.22921
1.064278
1.237165
1.330425
1.508121
1.391755
1.408329
1.256252
1.193355
1.412321
1.236738
1.455777
1.745983
1.812514
1.668423
1.697214
1.501586
1.526904
1.579013
1.737409
1.562731
1.618668
1.173587
1.1791
1.125336
1.3517
1.371766
1.528455
1.384677
1.190157
1.232007
1.550603
1.561994
1.414004
1.722244
1.808503
2.11785
1.870984
1.906948
1.367672
1.975273
2.13975
1.960782
2.461575
2.278546
1.957547
1.68582
1.823647
1.441969
1.36495
1.565137
1.771344
1.341335
1.563993
1.470683
1.405519
1.249493
0.9061488
0.9072811
1.205856
1.433604
1.392248
1.479699
1.487557
1.084436
1.063029
1.229148
1.127695
1.112233
1.109596
1.087163
0.9449031
0.8233504
0.7912934
0.8871211
1.078708
1.116478
1.193455
1.168639
1.266864
1.733516
1.870598
2.224855
2.230186
2.179182
1.867966
2.052317
1.699127
1.812614
1.848431
1.943245
1.894022
1.751913
1.509535
1.22445
1.457843
1.398628
1.039115
0.993593
1.103072
1.191689
1.105769
1.275905
1.287688
1.403556
1.384305
1.588783
1.711011
1.676416
1.932254
1.856719
1.503304
1.289994
1.386169
1.533997
1.437063
2.011887
2.012817
1.944269
1.62594
1.764617
1.30472
1.164545
1.017749
1.270662
1.140662
1.082358
1.006936
1.094492
0.942537
0.7503128
0.6715105
0.6228425
0.6745162
0.7974293
0.8374541
0.7479508
0.7582728
0.6819969
0.6967439
0.6438354
0.5870157
0.6461959
0.6651761
0.742578
0.7099329
0.6526499
1.038229
1.107062
1.189234
1.319289
1.591151
1.652988
1.361272
1.603419
1.587726
1.497598
1.501525
2.072182
1.659331
1.528208
1.465564
1.252143
1.202418
1.386908
1.413198
1.598095
1.747493
1.650758
1.284925
1.259293
1.221668
1.207534
1.547492
1.779837
2.125177
1.78351
1.594432
1.521635
1.485863
1.528201
1.864345
1.924744
1.949558
1.454606
1.702922
1.535747
1.540016
1.583156
1.444091
1.436504
1.177502
1.32434
1.368296
1.258802
1.201241
1.060128
1.104869
1.101488
1.081739
0.8838528
0.8707381
0.9333765
1.169599
0.9478546
1.050313
0.9083612
1.023709
1.454839
2.370229
2.058429
2.206774
2.709789
2.495937
2.306723
2.914289
2.086988
1.673985
1.30932
1.226581
1.262606
1.12398
1.230989
1.400912
1.092273
0.870604
0.7237096
0.5962342
0.609159
0.8160846
1.015354
0.7073799
0.7447186
0.908997
0.978917
1.16667
1.072377
0.9964783
1.033539
0.9335747
0.9834594
0.9672034
1.14213
1.227498
1.214451
1.141779
1.37335
1.307027
1.549239
1.661863
1.399119
1.473637
1.373422
1.302351
1.115078
0.9562379
0.9504001
1.109485
1.070598
1.206905
1.002501
1.057686
1.194833
1.055302
1.163677
0.9108309
0.9219775
0.7183943
0.8211844
0.8757422
0.7883946
0.7732323
0.6899737
0.7415289
0.8684237
0.7458162
0.6591065
0.6252197
0.6368005
0.6491856
0.6851709
0.778292
0.7910359
0.96324
1.38476
1.32075
1.141721
1.05335
1.127689
1.646407
1.346867
1.286131
1.227629
1.258969
1.137496
1.403974
1.361727
1.396762
1.153457
1.229747
1.425149
1.273253
1.469381
1.390143
1.408453
1.598572
1.394058
1.261507
1.050778
1.209414
1.466593
1.474433
1.414468
1.523922
1.370766
1.148174
1.072337
1.325672
1.373901
1.604441
1.227656
1.284318
1.394909
1.693049
1.734478
1.389175
1.577042
1.618196
1.353983
1.380295
1.311935
1.158971
1.361435
1.161212
1.810947
1.757089
1.67029
1.664778
1.936787
1.744148
1.51085
1.626069
1.70215
1.881501
1.733089
1.75969
1.625641
1.335349
1.230072
1.167416
1.152501
1.320241
1.570812
1.283738
1.383766
1.576312
1.509832
1.422287
1.339922
1.172222
1.225213
1.186035
1.25679
1.473816
1.366041
1.345336
1.30047
1.320136
1.371202
1.53506
1.729969
2.091792
1.581082
1.535228
1.33825
1.002085
1.076166
1.093928
1.026803
1.048571
1.324682
1.381956
1.291198
1.350288
1.649172
1.332916
1.605347
1.504963
1.598234
1.237895
1.470749
1.451855
1.456281
1.217529
1.024564
1.211178
1.414739
1.558863
1.574015
1.318785
2.142506
2.306904
2.151286
2.268711
2.354686
1.993513
2.211002
1.867066
1.725835
1.68387
1.572011
1.489335
1.536887
1.227398
1.493525
1.440103
1.304268
1.375009
1.042451
1.081604
0.9897521
1.088096
1.135653
1.506247
1.175176
1.168687
1.342003
1.281452
1.210568
1.26618
1.382148
1.418128
1.360645
1.077041
0.880362
0.8061228
0.8812557
0.8951391
1.098448
1.268799
1.126475
1.429183
1.206699
1.29304
1.13009
1.331166
1.389992
1.143001
1.226969
1.21189
1.122957
1.082181
1.313644
1.277902
1.392798
1.376678
1.250281
1.391509
1.536915
1.73777
1.434423
1.273085
1.256181
1.263918
1.225402
1.031131
0.9262797
0.8309138
0.8924622
1.203612
1.325187
1.259647
1.261969
1.169564
1.091789
0.9193702
0.7912931
0.8683866
1.087031
1.161238
1.161219
1.409886
1.417953
1.339392
1.121408
0.9071419
0.8129999
0.7359795
0.7534432
0.8441214
0.9029054
0.7324919
0.8277159
0.9166549
0.9354036
0.9806099
0.9186411
0.8793749
0.7658583
0.8059253
0.6813464
0.9054432
0.7452472
0.7700449
0.8625885
0.9457593
0.9268125
1.047898
0.9577606
1.058304
1.18044
1.169215
1.158897
1.355422
1.614001
1.479276
1.204109
1.147552
1.171021
1.127958
1.088219
0.9310189
0.9963226
1.015243
1.074969
1.088601
1.171818
1.258072
1.171523
1.225984
1.314606
1.01457
0.9568042
0.959919
0.8124367
0.9940262
1.057535
0.8775091
0.9577488
0.9421546
0.9067586
0.8234254
0.9913284
1.036917
1.107276
0.8683441
0.8948692
0.7265054
0.6724021
0.6505553
0.6476376
0.6410509
0.7615077
0.6840765
0.5732194
0.6721791
0.6804416
0.7684255
0.7693637
0.8342321
1.051073
1.126894
1.200805
1.096148
1.142328
0.88127
0.9487173
0.954694
1.076298
1.075097
1.204407
1.254382
1.367102
1.132118
1.043935
1.034903
1.182482
1.017893
0.9400144
1.338037
1.627909
1.470406
1.474279
1.658917
1.291121
1.538838
1.424875
1.613063
1.418283
1.382094
1.526802
1.258254
1.207918
1.417228
1.289659
1.490344
1.364178
1.409335
1.140094
1.14271
1.519694
1.676127
1.702165
1.568102
1.542508
1.657582
1.567868
1.465262
1.77599
1.917204
1.694395
1.775915
1.758794
1.45593
1.62657
1.667341
1.766203
2.085873
2.262182
2.216015
1.93538
1.608294
1.590195
1.72007
1.416322
0.9930128
1.075019
1.011734
0.8925106
1.168079
1.314827
1.123873
1.118368
1.13735
1.091491
1.187465
1.227541
1.217045
1.375585
1.426982
1.580551
1.726616
1.754521
1.91113
1.528909
1.658957
1.176898
1.401202
1.345102
1.112997
1.157682
1.066014
1.129164
1.333118
1.362876
1.418036
1.555218
1.570896
1.530629
1.753459
1.556217
1.317642
1.088389
1.289482
1.16616
1.009575
1.118796
1.196891
1.494722
1.822476
1.441192
1.528321
1.520555
1.578154
1.679028
1.498434
1.829192
1.924743
1.828568
2.383138
1.69999
1.956493
1.971642
1.995368
1.992592
2.136436
1.596215
1.353279
1.139066
1.208242
1.168317
1.260951
1.101555
1.373397
1.349498
1.037546
0.9142122
0.9401271
0.9815348
0.9398191
0.9847366
0.9267914
0.9766454
1.008335
1.162023
1.268209
1.415025
1.374445
1.437403
1.324455
1.176464
1.064715
1.143969
1.352356
1.447924
1.755388
1.707842
1.675856
1.572759
1.711435
1.669174
1.416464
1.507758
1.926454
1.412407
1.495965
1.479518
1.199724
1.125952
1.161913
1.032103
1.017903
1.128026
0.9815939
0.970376
0.9652993
1.171266
1.156518
0.9438436
1.182839
1.225488
1.0037
0.9929875
1.026234
0.7425324
0.8620098
1.08091
1.239702
1.120992
1.059872
0.9525283
0.819418
1.083854
1.110467
1.06908
0.9749508
1.131463
1.117396
1.347917
1.130292
1.411385
1.502852
1.721463
1.779474
1.706743
1.608499
1.308405
0.9928349
1.038227
0.9483925
0.8278053
0.8026172
0.7735672
0.7400384
0.753533
0.8603589
1.148937
1.216978
1.033558
1.06809
0.9123885
0.8498092
0.9055553
0.7469351
0.8496213
0.7542269
0.8672353
0.8322315
1.019553
0.8495636
1.057965
0.8030135
0.7221534
0.695081
0.9095644
1.00546
1.040395
1.020669
0.9829688
1.181561
1.196135
1.310292
0.95027
0.9153017
1.081451
1.32393
1.712345
1.818073
1.882691
1.872231
1.375538
1.376292
1.501977
1.548835
1.436968
1.52174
1.82774
1.220114
1.605852
1.344998
1.397033
1.143079
1.358599
1.262955
1.35038
1.136004
1.491197
1.539525
1.388777
1.280706
1.081913
1.055956
0.9497729
1.052327
1.050965
1.299436
1.124771
0.8493798
0.8287751
0.7764087
0.8962258
0.7652811
0.7343005
0.8418421
0.7983103
0.8662429
1.052234
0.8882741
1.056182
0.8894975
1.043671
1.071469
1.232922
1.225226
1.530415
1.327229
1.548402
1.36799
1.100774
1.18039
0.9235302
1.078058
1.083227
1.17041
0.9506211
0.9827095
1.067019
1.065565
1.04416
1.253038
1.434498
1.161973
1.057325
0.8520022
0.7917205
0.6523544
0.6629775
0.7786736
0.8021077
0.6755113
0.6810649
0.8920403
0.8233947
0.8167784
0.9600025
0.9704941
1.149831
1.109358
1.184559
1.353176
1.40709
1.41473
1.288853
1.322012
1.189265
1.32503
1.080172
1.020191
1.300171
1.282862
1.239492
1.538465
1.640211
1.773121
