<<<<<<< HEAD
6.706113e-05
6.702795e-05
6.628583e-05
6.621782e-05
6.696128e-05
6.866639e-05
6.878619e-05
6.889269e-05
6.961991e-05
6.971503e-05
6.762396e-05
6.994079e-05
7.155828e-05
7.230661e-05
7.085827e-05
7.007457e-05
6.968561e-05
6.905018e-05
7.050895e-05
7.004535e-05
7.090897e-05
7.132822e-05
7.123569e-05
6.973191e-05
7.184398e-05
7.104239e-05
7.471666e-05
7.76223e-05
7.862912e-05
7.580703e-05
7.684258e-05
7.663389e-05
7.518542e-05
7.376009e-05
7.192587e-05
7.290265e-05
7.412363e-05
7.378028e-05
7.169577e-05
6.771552e-05
6.811262e-05
6.980755e-05
6.920501e-05
6.821525e-05
7.01535e-05
6.943778e-05
6.994786e-05
6.919426e-05
7.118062e-05
7.295507e-05
7.393616e-05
7.320544e-05
7.082081e-05
6.963418e-05
7.007379e-05
6.991182e-05
7.131714e-05
7.166301e-05
7.226259e-05
7.106573e-05
6.964282e-05
7.023198e-05
6.878998e-05
6.705435e-05
6.683651e-05
6.762152e-05
6.701786e-05
6.746772e-05
6.739314e-05
6.664937e-05
6.641557e-05
6.495028e-05
6.665377e-05
6.667386e-05
6.709526e-05
6.533761e-05
6.393264e-05
6.447232e-05
6.516714e-05
6.528836e-05
6.451587e-05
6.648563e-05
6.648658e-05
6.500629e-05
6.576027e-05
6.521547e-05
6.525294e-05
6.416196e-05
6.471861e-05
6.444484e-05
6.417425e-05
6.308647e-05
6.452495e-05
6.30249e-05
6.424172e-05
6.493309e-05
6.460404e-05
6.419882e-05
6.383555e-05
6.357997e-05
6.471258e-05
6.406832e-05
6.41788e-05
6.541594e-05
6.427092e-05
6.521721e-05
6.591274e-05
6.609803e-05
6.77818e-05
6.594151e-05
6.646418e-05
6.589041e-05
6.579779e-05
6.563169e-05
6.553034e-05
6.54393e-05
6.57624e-05
6.506053e-05
6.421267e-05
6.480886e-05
6.50318e-05
6.601153e-05
6.553035e-05
6.701579e-05
6.791579e-05
6.721328e-05
6.530866e-05
6.468879e-05
6.551312e-05
6.786836e-05
6.630316e-05
6.47016e-05
6.508608e-05
6.767416e-05
6.813168e-05
6.619618e-05
6.688744e-05
6.725202e-05
6.675151e-05
6.677873e-05
6.736904e-05
6.730144e-05
6.69503e-05
6.479347e-05
6.505413e-05
6.519768e-05
6.700462e-05
6.615793e-05
6.580694e-05
6.55715e-05
6.496936e-05
6.536654e-05
6.432385e-05
6.297395e-05
6.126737e-05
6.088037e-05
6.127757e-05
6.063364e-05
6.046681e-05
5.949365e-05
6.129733e-05
6.231269e-05
6.225572e-05
6.188394e-05
6.268687e-05
6.091775e-05
5.862649e-05
5.91475e-05
5.960355e-05
6.009866e-05
5.816704e-05
5.64602e-05
5.594128e-05
5.560201e-05
5.634573e-05
5.790417e-05
5.823653e-05
5.820098e-05
5.834041e-05
5.73338e-05
5.717399e-05
5.63161e-05
5.735739e-05
5.637243e-05
5.509123e-05
5.666767e-05
5.461326e-05
5.281765e-05
5.242308e-05
5.18587e-05
5.438849e-05
5.387111e-05
5.35791e-05
5.358083e-05
5.275894e-05
5.262935e-05
5.168377e-05
5.132143e-05
5.209548e-05
5.160261e-05
5.263054e-05
5.22961e-05
5.148919e-05
5.238403e-05
5.182362e-05
5.095785e-05
5.069934e-05
5.162744e-05
5.063381e-05
5.053571e-05
5.109193e-05
5.009814e-05
5.147592e-05
5.139709e-05
5.061173e-05
5.129579e-05
5.152774e-05
5.197503e-05
4.994359e-05
4.940093e-05
4.984509e-05
4.904628e-05
4.912319e-05
4.891344e-05
4.989896e-05
4.939109e-05
4.894399e-05
4.760141e-05
4.66458e-05
4.645742e-05
4.76628e-05
4.789569e-05
4.800067e-05
4.702701e-05
4.81734e-05
4.802034e-05
4.700944e-05
4.695609e-05
4.712073e-05
4.7812e-05
4.819597e-05
4.783899e-05
4.680717e-05
4.616513e-05
4.63747e-05
4.720388e-05
4.675674e-05
4.647692e-05
4.660621e-05
4.539541e-05
4.569914e-05
4.451777e-05
4.52359e-05
4.455723e-05
4.392447e-05
4.448552e-05
4.380513e-05
4.518538e-05
4.626712e-05
4.393541e-05
4.506414e-05
4.554953e-05
4.578651e-05
4.665226e-05
4.5578e-05
4.510695e-05
4.520425e-05
4.576824e-05
4.680191e-05
4.67327e-05
4.589929e-05
4.534107e-05
4.365485e-05
4.373328e-05
4.284394e-05
4.401001e-05
4.329076e-05
4.31409e-05
4.295803e-05
4.286021e-05
4.159361e-05
4.275477e-05
4.287569e-05
4.295863e-05
4.384651e-05
4.372408e-05
4.220289e-05
4.318719e-05
4.321185e-05
4.252993e-05
4.253454e-05
4.305096e-05
4.310301e-05
4.420581e-05
4.532443e-05
4.379788e-05
4.420657e-05
4.318546e-05
4.322378e-05
4.3289e-05
4.363393e-05
4.406164e-05
4.37033e-05
4.334458e-05
4.517678e-05
4.359299e-05
4.272696e-05
4.272911e-05
4.170511e-05
4.0731e-05
4.102066e-05
4.146389e-05
4.13478e-05
4.186271e-05
4.207362e-05
4.216806e-05
4.296117e-05
4.099225e-05
4.078662e-05
4.069572e-05
4.064108e-05
4.103697e-05
4.153547e-05
4.109629e-05
4.14967e-05
4.070298e-05
4.098235e-05
4.172075e-05
4.147708e-05
4.0206e-05
4.093969e-05
4.156509e-05
4.166052e-05
4.12604e-05
4.110578e-05
4.175942e-05
4.105797e-05
4.178005e-05
4.088692e-05
4.018772e-05
4.060152e-05
4.040521e-05
4.093643e-05
4.088414e-05
4.084335e-05
4.195596e-05
4.241964e-05
4.252591e-05
4.14049e-05
4.078117e-05
4.090536e-05
4.033143e-05
4.007847e-05
3.986045e-05
3.988993e-05
4.08282e-05
4.211304e-05
4.291985e-05
4.196072e-05
4.05936e-05
4.091552e-05
4.074129e-05
4.085628e-05
4.014691e-05
4.079251e-05
4.131618e-05
4.230219e-05
4.261637e-05
4.225878e-05
4.217306e-05
4.198994e-05
4.15361e-05
4.271338e-05
4.274743e-05
4.400163e-05
4.361058e-05
4.470062e-05
4.498272e-05
4.489582e-05
4.412766e-05
4.366292e-05
4.474774e-05
4.31176e-05
4.324093e-05
4.403178e-05
4.288219e-05
4.253414e-05
4.192423e-05
4.164644e-05
4.197917e-05
4.101478e-05
4.09035e-05
4.078018e-05
4.130781e-05
4.138234e-05
4.204212e-05
4.255198e-05
4.280703e-05
4.121086e-05
4.248851e-05
4.222509e-05
4.265728e-05
4.314618e-05
4.274482e-05
4.336386e-05
4.378944e-05
4.255366e-05
4.233989e-05
4.318956e-05
4.154702e-05
4.007441e-05
3.901694e-05
3.895625e-05
3.975202e-05
3.940479e-05
3.997312e-05
4.010714e-05
3.958186e-05
4.006403e-05
4.066323e-05
4.074909e-05
4.033914e-05
4.039356e-05
3.996809e-05
3.88578e-05
3.808125e-05
3.858494e-05
3.937054e-05
3.916119e-05
4.014436e-05
4.109785e-05
4.018777e-05
4.072763e-05
4.259202e-05
4.301505e-05
4.342995e-05
4.329876e-05
4.295694e-05
4.42151e-05
4.473239e-05
4.522755e-05
4.671147e-05
4.709755e-05
4.56706e-05
4.452925e-05
4.480839e-05
4.442002e-05
4.391633e-05
4.41582e-05
4.486369e-05
4.455967e-05
4.542851e-05
4.578642e-05
4.586148e-05
4.508534e-05
4.50276e-05
4.263181e-05
4.404231e-05
4.443674e-05
4.401552e-05
4.509394e-05
4.540137e-05
4.50754e-05
4.39369e-05
4.410093e-05
4.481344e-05
4.510227e-05
4.571034e-05
4.505448e-05
4.466904e-05
4.504272e-05
4.491263e-05
4.560983e-05
4.534196e-05
4.520809e-05
4.589262e-05
4.716951e-05
4.784772e-05
4.911778e-05
4.800487e-05
4.799334e-05
4.854996e-05
4.86831e-05
4.840112e-05
4.870577e-05
4.833922e-05
4.775885e-05
4.831559e-05
4.790005e-05
4.855311e-05
4.87391e-05
4.857912e-05
4.888456e-05
4.874109e-05
4.729548e-05
4.724733e-05
4.712922e-05
4.58466e-05
4.560862e-05
4.527965e-05
4.673382e-05
4.614375e-05
4.480664e-05
4.45891e-05
4.469474e-05
4.418278e-05
4.447991e-05
4.516966e-05
4.635773e-05
4.599337e-05
4.61495e-05
4.579969e-05
4.509265e-05
4.485751e-05
4.581882e-05
4.644472e-05
4.578813e-05
4.557905e-05
4.530074e-05
4.535597e-05
4.295418e-05
4.283986e-05
4.25474e-05
4.157436e-05
4.185728e-05
4.086312e-05
4.170328e-05
4.181826e-05
4.358361e-05
4.379726e-05
4.249803e-05
4.261401e-05
4.315366e-05
4.415048e-05
4.408923e-05
4.467823e-05
4.46811e-05
4.460901e-05
4.502657e-05
4.454077e-05
4.664788e-05
4.739189e-05
4.869978e-05
4.933833e-05
4.898839e-05
4.960041e-05
4.945346e-05
4.906252e-05
4.954836e-05
5.003452e-05
4.959158e-05
4.840537e-05
4.893491e-05
4.900882e-05
4.793095e-05
4.76041e-05
4.791864e-05
4.714637e-05
4.503797e-05
4.602014e-05
4.620656e-05
4.719034e-05
4.650436e-05
4.663475e-05
4.741021e-05
4.719797e-05
4.627875e-05
4.378428e-05
4.367833e-05
4.527742e-05
4.511511e-05
4.387317e-05
4.29527e-05
4.433812e-05
4.402038e-05
4.619622e-05
4.660535e-05
4.732917e-05
4.654578e-05
4.744001e-05
4.781755e-05
4.599954e-05
4.631131e-05
4.669964e-05
4.706246e-05
4.759367e-05
4.81951e-05
4.727656e-05
4.837081e-05
4.855406e-05
5.010622e-05
4.994863e-05
4.979675e-05
4.871754e-05
4.678128e-05
4.705239e-05
4.709395e-05
4.577085e-05
4.652966e-05
4.651862e-05
4.554668e-05
4.526712e-05
4.552032e-05
4.547187e-05
4.620153e-05
4.638031e-05
4.61828e-05
4.790374e-05
4.68705e-05
4.635938e-05
4.687839e-05
4.815814e-05
4.763996e-05
4.745741e-05
4.896917e-05
4.940585e-05
4.908797e-05
4.770996e-05
4.746786e-05
4.736274e-05
4.783624e-05
4.822852e-05
4.851734e-05
4.693655e-05
4.764827e-05
4.762908e-05
4.62118e-05
4.688426e-05
4.789166e-05
4.931948e-05
4.848529e-05
4.846852e-05
4.84631e-05
4.860231e-05
4.889755e-05
5.066633e-05
5.252578e-05
5.401948e-05
5.339454e-05
5.237587e-05
5.177261e-05
5.338318e-05
5.317394e-05
5.139015e-05
5.107644e-05
5.086947e-05
5.14796e-05
5.022643e-05
5.228793e-05
5.311036e-05
5.158578e-05
5.257131e-05
5.169706e-05
5.255911e-05
5.303305e-05
5.260217e-05
5.297555e-05
5.46307e-05
5.531554e-05
5.597824e-05
5.503781e-05
5.484511e-05
5.525908e-05
5.54181e-05
5.571108e-05
5.55473e-05
5.667142e-05
5.87739e-05
5.832368e-05
5.907537e-05
6.040868e-05
6.119068e-05
6.173907e-05
6.104572e-05
6.075946e-05
6.029938e-05
6.080114e-05
6.147134e-05
6.328599e-05
6.378058e-05
6.174197e-05
6.131271e-05
6.102111e-05
5.945667e-05
5.980913e-05
5.921396e-05
5.900087e-05
5.765573e-05
5.729476e-05
5.724014e-05
5.69072e-05
5.691466e-05
5.656758e-05
5.589966e-05
5.654216e-05
5.733546e-05
5.647828e-05
5.448567e-05
5.420744e-05
5.423582e-05
5.306856e-05
5.322338e-05
5.132813e-05
5.228219e-05
5.171385e-05
5.031894e-05
4.963749e-05
4.896533e-05
5.088434e-05
5.273603e-05
5.470492e-05
5.396822e-05
5.312198e-05
5.324996e-05
5.362023e-05
5.438006e-05
5.503783e-05
5.593747e-05
5.678828e-05
5.703682e-05
5.77649e-05
5.78916e-05
5.797922e-05
5.761221e-05
5.697408e-05
5.663414e-05
5.643874e-05
5.674935e-05
5.674109e-05
5.628354e-05
5.630643e-05
5.80878e-05
5.784147e-05
5.693388e-05
5.532489e-05
5.598315e-05
5.531924e-05
5.422239e-05
5.526737e-05
5.577329e-05
5.640382e-05
5.427131e-05
5.557045e-05
5.646596e-05
5.588967e-05
5.587256e-05
5.618463e-05
5.36622e-05
5.420145e-05
5.33467e-05
5.230568e-05
5.212127e-05
5.253986e-05
5.252452e-05
5.18829e-05
5.053079e-05
5.239938e-05
5.093909e-05
5.203563e-05
5.240459e-05
5.193674e-05
5.135909e-05
5.238914e-05
5.29791e-05
5.417869e-05
5.213017e-05
5.283949e-05
5.265356e-05
5.316617e-05
5.192839e-05
5.338868e-05
5.35346e-05
5.245141e-05
5.097191e-05
5.206635e-05
5.200495e-05
5.399445e-05
5.44809e-05
5.467899e-05
5.610215e-05
5.388487e-05
5.29939e-05
5.36668e-05
5.370494e-05
5.388316e-05
5.455195e-05
5.462987e-05
5.58119e-05
5.584314e-05
5.672711e-05
5.772978e-05
5.620167e-05
5.664039e-05
5.60016e-05
5.676258e-05
5.449425e-05
5.418661e-05
5.344188e-05
5.328527e-05
5.42042e-05
5.515375e-05
5.534683e-05
5.644423e-05
5.71078e-05
5.67558e-05
5.500561e-05
5.492081e-05
5.55309e-05
5.673204e-05
5.426031e-05
5.555598e-05
5.692046e-05
5.633245e-05
5.541407e-05
5.577764e-05
5.574803e-05
5.583693e-05
5.778469e-05
5.801019e-05
5.894253e-05
5.750308e-05
5.598015e-05
5.60738e-05
5.452526e-05
5.511393e-05
5.45192e-05
5.462109e-05
5.542647e-05
5.496008e-05
5.306992e-05
5.261406e-05
5.215569e-05
5.239422e-05
5.225571e-05
5.212825e-05
5.250946e-05
5.240392e-05
5.272024e-05
5.357431e-05
5.236237e-05
5.211918e-05
5.088388e-05
5.08547e-05
5.087104e-05
5.083478e-05
5.243631e-05
5.292782e-05
5.372377e-05
5.397112e-05
5.270081e-05
5.451237e-05
5.348069e-05
5.587472e-05
5.560853e-05
5.48952e-05
5.442837e-05
5.482193e-05
5.501262e-05
5.381889e-05
5.45116e-05
5.375069e-05
5.396226e-05
5.366005e-05
5.404395e-05
5.615288e-05
5.736578e-05
5.608791e-05
5.687372e-05
5.707349e-05
5.804332e-05
5.83178e-05
5.791268e-05
5.610853e-05
5.579405e-05
5.498211e-05
5.622752e-05
5.626163e-05
5.558968e-05
5.739001e-05
5.641154e-05
5.686432e-05
5.714475e-05
5.700472e-05
5.609577e-05
5.687922e-05
5.747851e-05
5.758733e-05
5.823238e-05
5.811283e-05
5.807397e-05
5.818365e-05
5.747744e-05
5.690861e-05
5.771758e-05
5.935748e-05
6.077765e-05
5.977695e-05
5.895056e-05
5.945114e-05
5.9076e-05
5.811616e-05
5.744861e-05
5.670479e-05
5.600311e-05
5.545594e-05
5.524889e-05
5.421677e-05
5.481429e-05
5.593039e-05
5.494038e-05
5.433767e-05
5.371624e-05
5.301875e-05
5.234725e-05
5.246927e-05
5.176875e-05
5.230952e-05
5.390504e-05
5.522524e-05
5.376096e-05
5.496992e-05
5.545689e-05
5.452324e-05
5.213413e-05
5.054762e-05
5.132007e-05
5.272133e-05
5.230914e-05
5.432302e-05
5.441075e-05
5.382972e-05
5.446212e-05
5.492559e-05
5.427303e-05
5.465528e-05
5.484068e-05
5.641256e-05
5.725601e-05
5.801556e-05
5.743017e-05
5.754913e-05
5.687818e-05
5.489558e-05
5.452401e-05
5.37493e-05
5.534505e-05
5.473031e-05
5.474565e-05
5.489155e-05
5.558867e-05
5.575106e-05
5.661057e-05
5.498178e-05
5.475192e-05
5.503863e-05
5.55168e-05
5.753164e-05
5.828815e-05
5.87838e-05
5.770881e-05
5.837244e-05
5.983552e-05
6.222719e-05
6.436008e-05
6.391459e-05
6.515229e-05
6.719189e-05
6.619115e-05
6.61156e-05
6.484832e-05
6.434378e-05
6.440374e-05
6.389368e-05
6.354153e-05
6.203423e-05
6.129493e-05
6.131882e-05
5.923776e-05
5.742405e-05
5.712232e-05
6.007145e-05
6.021166e-05
5.940618e-05
5.912243e-05
6.036106e-05
6.022737e-05
5.882289e-05
5.886582e-05
5.956182e-05
6.066095e-05
6.309336e-05
6.285371e-05
6.186849e-05
6.283741e-05
6.273541e-05
6.267723e-05
6.385964e-05
6.430254e-05
6.417932e-05
6.507493e-05
6.284978e-05
6.146652e-05
6.182098e-05
6.261291e-05
6.351621e-05
6.319781e-05
6.298408e-05
6.325989e-05
6.183847e-05
6.168825e-05
6.139803e-05
6.168029e-05
6.351603e-05
6.329322e-05
6.258533e-05
6.308003e-05
6.323704e-05
6.208914e-05
6.242339e-05
6.280995e-05
6.243382e-05
6.195344e-05
6.105363e-05
6.193948e-05
6.080744e-05
6.016121e-05
6.020119e-05
5.855084e-05
5.999262e-05
6.132589e-05
6.217229e-05
6.340652e-05
6.308209e-05
6.223387e-05
6.345556e-05
6.416384e-05
6.36104e-05
6.322463e-05
6.163551e-05
6.150665e-05
6.137848e-05
6.092701e-05
6.21548e-05
6.292695e-05
6.340955e-05
6.396489e-05
6.488751e-05
6.439882e-05
6.342117e-05
6.28277e-05
6.270753e-05
6.178604e-05
6.227976e-05
6.204422e-05
6.247871e-05
6.09044e-05
5.823954e-05
5.720421e-05
5.954703e-05
5.958194e-05
5.668149e-05
5.56753e-05
5.745856e-05
5.682003e-05
5.555184e-05
5.473182e-05
5.29339e-05
5.350254e-05
5.489672e-05
5.620061e-05
5.310244e-05
5.298411e-05
5.466483e-05
5.446952e-05
5.385462e-05
5.430392e-05
5.401581e-05
5.237826e-05
5.228511e-05
5.247881e-05
5.151443e-05
5.28371e-05
5.473484e-05
5.355769e-05
5.265098e-05
5.152196e-05
5.17338e-05
5.208588e-05
5.188407e-05
5.319719e-05
5.462183e-05
5.509246e-05
5.45764e-05
5.582932e-05
5.531406e-05
5.384988e-05
5.289484e-05
5.29191e-05
5.430271e-05
5.433531e-05
5.541632e-05
5.656948e-05
5.610182e-05
5.657753e-05
5.709325e-05
5.59443e-05
5.689735e-05
5.757921e-05
5.881164e-05
5.884485e-05
5.829238e-05
5.982522e-05
6.165203e-05
6.080721e-05
6.249744e-05
6.338437e-05
6.316749e-05
6.314841e-05
6.341575e-05
6.259806e-05
6.255755e-05
6.020795e-05
5.969362e-05
5.96977e-05
5.977034e-05
6.028556e-05
6.012576e-05
6.08368e-05
6.190011e-05
6.291484e-05
6.559284e-05
6.569443e-05
6.544239e-05
6.587713e-05
6.602837e-05
6.742192e-05
6.670434e-05
6.617083e-05
6.609837e-05
6.76154e-05
6.706462e-05
6.638263e-05
6.744466e-05
6.695224e-05
6.56523e-05
6.663907e-05
6.763281e-05
6.793985e-05
6.964414e-05
6.948342e-05
6.862653e-05
6.905374e-05
6.940418e-05
6.780503e-05
6.733555e-05
6.8123e-05
6.783925e-05
6.819033e-05
6.766169e-05
6.711505e-05
6.441644e-05
6.423727e-05
6.45044e-05
6.646444e-05
6.840012e-05
6.844339e-05
6.853335e-05
6.64836e-05
6.652034e-05
6.45722e-05
6.372966e-05
6.596206e-05
6.548488e-05
6.382396e-05
6.287066e-05
6.137702e-05
6.025533e-05
5.905866e-05
6.053531e-05
6.005345e-05
5.982551e-05
5.848064e-05
6.000654e-05
5.90913e-05
5.748332e-05
5.724212e-05
5.708517e-05
5.676167e-05
5.714547e-05
5.737564e-05
5.728057e-05
5.791239e-05
5.632517e-05
5.518685e-05
5.711057e-05
5.72754e-05
5.791117e-05
5.591606e-05
5.557576e-05
5.748684e-05
5.866738e-05
5.921354e-05
6.113523e-05
6.395757e-05
6.487005e-05
6.35901e-05
6.425701e-05
6.370915e-05
6.373064e-05
6.248478e-05
6.374804e-05
6.545786e-05
6.489182e-05
6.504878e-05
6.445052e-05
6.471109e-05
6.51052e-05
6.552638e-05
6.588938e-05
6.459605e-05
6.459758e-05
6.384477e-05
6.363271e-05
6.519028e-05
6.411601e-05
6.395525e-05
6.403042e-05
6.508041e-05
6.505752e-05
6.488736e-05
6.691234e-05
6.597636e-05
6.372486e-05
6.367595e-05
6.231584e-05
6.317654e-05
6.269427e-05
6.003482e-05
5.927166e-05
6.087202e-05
6.043356e-05
6.146814e-05
6.233487e-05
6.289676e-05
6.251882e-05
6.031704e-05
6.064762e-05
6.038455e-05
6.056841e-05
5.96341e-05
5.890448e-05
6.022732e-05
6.110158e-05
6.07371e-05
6.171782e-05
5.965932e-05
5.718433e-05
5.833966e-05
6.068593e-05
5.931131e-05
5.96225e-05
5.97739e-05
6.080074e-05
6.1466e-05
6.227507e-05
6.267232e-05
6.044023e-05
5.935715e-05
5.869551e-05
5.994736e-05
5.83371e-05
5.856557e-05
5.909711e-05
5.954667e-05
5.823468e-05
5.718144e-05
5.824032e-05
5.539172e-05
5.560693e-05
5.658336e-05
5.688225e-05
5.586829e-05
5.535478e-05
5.524398e-05
5.65676e-05
5.499606e-05
5.6076e-05
5.67987e-05
5.87948e-05
6.033656e-05
6.230103e-05
6.395245e-05
6.265306e-05
6.241244e-05
6.272856e-05
6.420654e-05
6.617172e-05
6.446582e-05
6.431221e-05
6.324324e-05
6.234321e-05
6.161365e-05
6.164246e-05
6.079675e-05
6.142485e-05
6.074099e-05
6.016629e-05
6.246764e-05
6.421917e-05
6.316494e-05
6.339605e-05
6.426173e-05
6.5649e-05
6.543611e-05
6.692959e-05
6.61275e-05
6.471396e-05
6.473435e-05
6.227611e-05
6.277952e-05
6.27187e-05
6.300535e-05
6.309049e-05
6.223893e-05
6.150543e-05
6.138269e-05
6.095789e-05
6.261214e-05
6.238553e-05
6.380524e-05
6.37944e-05
6.399522e-05
6.772815e-05
6.789736e-05
6.820126e-05
6.754846e-05
6.829545e-05
7.033092e-05
7.015311e-05
7.000313e-05
6.826145e-05
6.963912e-05
6.944143e-05
6.96909e-05
7.112119e-05
7.052778e-05
7.212545e-05
7.176774e-05
7.212384e-05
7.213044e-05
7.571946e-05
7.567718e-05
7.638298e-05
7.835094e-05
7.729002e-05
7.921168e-05
8.023641e-05
8.062467e-05
8.071222e-05
8.017431e-05
7.966383e-05
7.87431e-05
7.780291e-05
7.632797e-05
7.55762e-05
7.582644e-05
7.468425e-05
7.696816e-05
7.670346e-05
7.669058e-05
7.547934e-05
7.400771e-05
7.451826e-05
7.266315e-05
7.04194e-05
7.082798e-05
7.002871e-05
6.878392e-05
7.008377e-05
7.21683e-05
7.17952e-05
7.320369e-05
7.388082e-05
7.734321e-05
7.535068e-05
7.579828e-05
7.636713e-05
7.515994e-05
7.507604e-05
7.698998e-05
7.595567e-05
7.596914e-05
7.575153e-05
7.496029e-05
7.558003e-05
7.465516e-05
7.49565e-05
7.394021e-05
7.386485e-05
7.296091e-05
7.170415e-05
7.286876e-05
7.193209e-05
7.130577e-05
7.103919e-05
6.898151e-05
6.90699e-05
6.927644e-05
6.974787e-05
6.911243e-05
6.813969e-05
6.640668e-05
6.666995e-05
6.620954e-05
6.542112e-05
6.439152e-05
6.263859e-05
6.105586e-05
6.066201e-05
6.147252e-05
6.148313e-05
5.906319e-05
5.845975e-05
6.117841e-05
6.314674e-05
6.340457e-05
6.448365e-05
6.541859e-05
6.517333e-05
6.55114e-05
6.710171e-05
6.64141e-05
6.709481e-05
6.575967e-05
6.641086e-05
6.854298e-05
6.912643e-05
6.813058e-05
6.830783e-05
6.76559e-05
6.77903e-05
6.604759e-05
6.980698e-05
6.93801e-05
6.832795e-05
6.791153e-05
6.907674e-05
6.859737e-05
6.817135e-05
6.841239e-05
6.939673e-05
7.097571e-05
7.149286e-05
6.991018e-05
7.151024e-05
7.204684e-05
7.11314e-05
7.013412e-05
6.977292e-05
7.127351e-05
7.249781e-05
7.020741e-05
6.960636e-05
7.016478e-05
6.936522e-05
7.328894e-05
7.386324e-05
7.395019e-05
7.381954e-05
7.623924e-05
7.550651e-05
7.738998e-05
7.866552e-05
7.826136e-05
7.9006e-05
8.117406e-05
8.092908e-05
8.132623e-05
8.006129e-05
7.844725e-05
7.900554e-05
7.940028e-05
7.804849e-05
7.947246e-05
8.160574e-05
8.117481e-05
8.114474e-05
8.043047e-05
8.114133e-05
8.198816e-05
8.189945e-05
8.091026e-05
7.945119e-05
7.989904e-05
8.102943e-05
8.153677e-05
7.89966e-05
7.899049e-05
7.879142e-05
7.86258e-05
7.720717e-05
7.841614e-05
7.842136e-05
7.926021e-05
8.02467e-05
7.988316e-05
7.973005e-05
7.705516e-05
7.774053e-05
7.800029e-05
7.714776e-05
7.567485e-05
7.975572e-05
7.810172e-05
7.664496e-05
7.682907e-05
7.766665e-05
7.895136e-05
7.816899e-05
7.724764e-05
7.529584e-05
7.795881e-05
7.605883e-05
7.763861e-05
7.800089e-05
7.982352e-05
7.902869e-05
8.076177e-05
7.761399e-05
7.671575e-05
7.768952e-05
7.874586e-05
7.954844e-05
7.890241e-05
7.878963e-05
7.804906e-05
7.829897e-05
7.847886e-05
7.795675e-05
7.941518e-05
7.894312e-05
7.921565e-05
7.763937e-05
7.760948e-05
7.599506e-05
7.645764e-05
7.40676e-05
7.414323e-05
7.34811e-05
7.394172e-05
7.236853e-05
7.263162e-05
7.053071e-05
7.125562e-05
7.167677e-05
7.139241e-05
7.001289e-05
6.816088e-05
6.724259e-05
6.740641e-05
6.940339e-05
6.963736e-05
6.933931e-05
7.018175e-05
7.126858e-05
7.185286e-05
7.270556e-05
7.138938e-05
7.308727e-05
7.188769e-05
7.172277e-05
7.31482e-05
7.244282e-05
7.125406e-05
7.235871e-05
7.340464e-05
7.217881e-05
7.289171e-05
7.186257e-05
6.947215e-05
7.038131e-05
7.169072e-05
7.121461e-05
7.079128e-05
7.132365e-05
7.025475e-05
6.9534e-05
6.957505e-05
6.887659e-05
6.921353e-05
7.205839e-05
7.225011e-05
7.294279e-05
7.215087e-05
7.306011e-05
7.343492e-05
7.432568e-05
7.510764e-05
7.285592e-05
7.318034e-05
7.349359e-05
7.352772e-05
7.21526e-05
7.076345e-05
7.000918e-05
7.06922e-05
6.9186e-05
6.912886e-05
7.121315e-05
7.157354e-05
7.138977e-05
7.0549e-05
6.954101e-05
6.989117e-05
6.640944e-05
6.570774e-05
6.386239e-05
6.356241e-05
6.28047e-05
6.442076e-05
6.312242e-05
6.350224e-05
6.257676e-05
6.163228e-05
6.019565e-05
6.016585e-05
6.028372e-05
6.18869e-05
6.101148e-05
6.143533e-05
6.205373e-05
6.393537e-05
6.250332e-05
6.184637e-05
6.16019e-05
6.246857e-05
6.501526e-05
6.575792e-05
6.893027e-05
6.924391e-05
6.914574e-05
6.825824e-05
6.887524e-05
6.931868e-05
7.170496e-05
6.921922e-05
6.786423e-05
6.607449e-05
6.606054e-05
6.826221e-05
6.657135e-05
6.612022e-05
6.589746e-05
6.516057e-05
6.453736e-05
6.593141e-05
6.501126e-05
6.416413e-05
6.405889e-05
6.434491e-05
6.176896e-05
6.096933e-05
6.043856e-05
6.113693e-05
6.034156e-05
6.164854e-05
6.004803e-05
6.115205e-05
6.114389e-05
5.953737e-05
6.132576e-05
6.139387e-05
6.135317e-05
6.082174e-05
6.068577e-05
5.983072e-05
5.978537e-05
5.849354e-05
5.888291e-05
5.747293e-05
5.656101e-05
5.59114e-05
5.687062e-05
5.627837e-05
5.651329e-05
5.474937e-05
5.526254e-05
5.780714e-05
5.906087e-05
5.883025e-05
5.920247e-05
5.968455e-05
6.130125e-05
6.217422e-05
6.184607e-05
6.109071e-05
6.154914e-05
6.353826e-05
6.442501e-05
6.424489e-05
6.481322e-05
6.553059e-05
6.737294e-05
6.740874e-05
6.510133e-05
6.351318e-05
6.471286e-05
6.771551e-05
6.635982e-05
6.864141e-05
6.861565e-05
6.940781e-05
6.798438e-05
6.796153e-05
6.968912e-05
6.983288e-05
7.152054e-05
7.25612e-05
7.321278e-05
7.40794e-05
7.285994e-05
7.286518e-05
7.148495e-05
7.199253e-05
6.89301e-05
6.570257e-05
6.631123e-05
6.770332e-05
6.78728e-05
6.787401e-05
6.709889e-05
6.853828e-05
6.635551e-05
6.611781e-05
6.583031e-05
6.65935e-05
6.793036e-05
6.849708e-05
6.704635e-05
6.744491e-05
6.962485e-05
6.941007e-05
6.933479e-05
7.150891e-05
6.960527e-05
6.843295e-05
6.649946e-05
6.516828e-05
6.472216e-05
6.477712e-05
6.534014e-05
6.724113e-05
6.680609e-05
6.586401e-05
6.874606e-05
7.110883e-05
7.033224e-05
7.330057e-05
7.253665e-05
7.225466e-05
7.116937e-05
7.169049e-05
7.110758e-05
7.307155e-05
7.157386e-05
7.121706e-05
7.222339e-05
6.960288e-05
6.920749e-05
6.835871e-05
6.610223e-05
6.634752e-05
6.806259e-05
6.627917e-05
6.544093e-05
6.657369e-05
6.600089e-05
6.511945e-05
6.725507e-05
6.693999e-05
6.687508e-05
6.563189e-05
6.758169e-05
6.616806e-05
6.543307e-05
6.65838e-05
6.740577e-05
6.588878e-05
6.640249e-05
6.98443e-05
7.159854e-05
7.177538e-05
7.305945e-05
7.240442e-05
7.223787e-05
7.007381e-05
6.76375e-05
6.521283e-05
6.351618e-05
6.337981e-05
6.224347e-05
6.408301e-05
6.572732e-05
6.483244e-05
6.357153e-05
6.52479e-05
6.656168e-05
6.615723e-05
6.412031e-05
6.295913e-05
6.17118e-05
5.913594e-05
5.947597e-05
5.898642e-05
5.884117e-05
5.950823e-05
6.073169e-05
6.089527e-05
6.065544e-05
6.071641e-05
5.892124e-05
5.916473e-05
5.800173e-05
5.961197e-05
5.918897e-05
6.096584e-05
6.221853e-05
6.187471e-05
6.046366e-05
6.067779e-05
6.019084e-05
5.895432e-05
5.765026e-05
5.766515e-05
5.806292e-05
6.037369e-05
5.988724e-05
6.060897e-05
5.874356e-05
6.020712e-05
6.033031e-05
6.11101e-05
6.14393e-05
6.134769e-05
6.211145e-05
6.257055e-05
6.269235e-05
6.266165e-05
6.265157e-05
6.296633e-05
6.386877e-05
6.233968e-05
5.989824e-05
5.976579e-05
5.906082e-05
5.899025e-05
5.895778e-05
5.831821e-05
5.884637e-05
5.98926e-05
5.920072e-05
5.908157e-05
5.781301e-05
5.800905e-05
5.771247e-05
5.610303e-05
5.631786e-05
5.514628e-05
5.435006e-05
5.36284e-05
5.431554e-05
5.300639e-05
5.190341e-05
5.15204e-05
5.259225e-05
5.198232e-05
5.221776e-05
5.387829e-05
5.373544e-05
5.409322e-05
5.577025e-05
5.562477e-05
5.4907e-05
5.567341e-05
5.587916e-05
5.540633e-05
5.54014e-05
5.55983e-05
5.46835e-05
5.40907e-05
5.58031e-05
5.693068e-05
5.844516e-05
5.901632e-05
5.830447e-05
5.881721e-05
5.845512e-05
5.841708e-05
5.888573e-05
5.932284e-05
5.907086e-05
5.684134e-05
5.477427e-05
5.519001e-05
5.380408e-05
5.319018e-05
5.285155e-05
5.250124e-05
5.211273e-05
5.128809e-05
5.05341e-05
5.101844e-05
5.064672e-05
5.204191e-05
5.192649e-05
5.284098e-05
5.314157e-05
5.458666e-05
5.464576e-05
5.393884e-05
5.414023e-05
5.29441e-05
5.416066e-05
5.437448e-05
5.413175e-05
5.331558e-05
5.325716e-05
5.401508e-05
5.290542e-05
5.171308e-05
5.163997e-05
5.211533e-05
5.252421e-05
5.182935e-05
4.937771e-05
5.016529e-05
4.947847e-05
5.176767e-05
5.235782e-05
5.091464e-05
5.157511e-05
5.088501e-05
5.116827e-05
4.999369e-05
5.083976e-05
5.08868e-05
4.981966e-05
5.070445e-05
5.049808e-05
5.009854e-05
4.973569e-05
4.968848e-05
4.827794e-05
4.889335e-05
4.756463e-05
4.766743e-05
4.871151e-05
4.823466e-05
4.923312e-05
4.936787e-05
4.849794e-05
4.856864e-05
4.81721e-05
4.755873e-05
4.856852e-05
4.823735e-05
4.864511e-05
4.816537e-05
4.720395e-05
4.608418e-05
4.658976e-05
4.571123e-05
4.583232e-05
4.599142e-05
4.700115e-05
4.70855e-05
4.823093e-05
4.819493e-05
4.719472e-05
4.675664e-05
4.562969e-05
4.532813e-05
4.578687e-05
4.527715e-05
4.469408e-05
4.474721e-05
4.380466e-05
4.394491e-05
4.373974e-05
4.505089e-05
4.433909e-05
4.401432e-05
4.335525e-05
4.236509e-05
4.266184e-05
4.246014e-05
4.250749e-05
4.171749e-05
4.126259e-05
4.15906e-05
=======
6.880014e-05
6.739466e-05
6.875501e-05
6.842856e-05
6.715227e-05
6.695705e-05
6.492812e-05
6.390032e-05
6.472903e-05
6.374084e-05
6.344886e-05
6.425533e-05
6.289839e-05
6.423094e-05
6.50228e-05
6.348435e-05
6.326288e-05
6.160259e-05
6.278935e-05
6.472381e-05
6.510377e-05
6.725457e-05
6.818952e-05
6.661268e-05
6.767537e-05
6.706535e-05
6.756878e-05
6.779589e-05
6.935611e-05
6.894932e-05
6.906439e-05
6.930206e-05
6.810209e-05
6.739027e-05
6.662977e-05
6.388808e-05
6.332715e-05
6.246448e-05
6.150097e-05
6.219334e-05
6.190698e-05
6.309091e-05
6.263782e-05
6.27149e-05
6.425963e-05
6.119998e-05
5.861285e-05
5.900486e-05
5.870766e-05
5.760345e-05
5.728511e-05
5.851878e-05
5.758584e-05
5.728922e-05
5.741554e-05
5.774195e-05
5.690053e-05
5.781226e-05
5.586326e-05
5.474817e-05
5.454558e-05
5.479822e-05
5.463641e-05
5.427213e-05
5.458678e-05
5.445225e-05
5.509337e-05
5.551518e-05
5.637711e-05
5.69004e-05
5.838872e-05
5.931217e-05
5.96701e-05
6.030596e-05
6.033564e-05
6.090102e-05
5.933734e-05
6.024853e-05
5.922971e-05
6.058343e-05
6.049701e-05
6.065684e-05
6.037928e-05
5.972128e-05
5.881915e-05
5.748044e-05
5.897841e-05
5.951475e-05
5.997267e-05
5.9968e-05
5.878553e-05
5.988067e-05
6.122969e-05
6.089666e-05
5.993884e-05
5.924741e-05
5.805824e-05
5.880016e-05
6.018356e-05
5.99401e-05
5.787586e-05
5.891225e-05
5.967897e-05
6.091993e-05
6.121798e-05
6.123699e-05
6.03103e-05
5.906823e-05
5.873518e-05
5.737796e-05
5.727808e-05
5.636304e-05
5.630156e-05
5.673453e-05
5.763291e-05
5.787775e-05
5.86891e-05
5.722926e-05
5.664569e-05
5.704275e-05
5.818216e-05
5.917632e-05
6.001723e-05
6.276313e-05
6.579716e-05
6.700765e-05
6.664143e-05
6.732586e-05
6.572015e-05
6.395128e-05
6.375169e-05
6.293891e-05
6.256238e-05
6.334437e-05
6.42917e-05
6.477849e-05
6.662646e-05
6.671801e-05
6.617038e-05
6.509638e-05
6.493889e-05
6.667405e-05
6.537824e-05
6.50845e-05
6.488821e-05
6.44638e-05
6.455619e-05
6.609846e-05
6.576246e-05
6.612009e-05
6.652248e-05
6.727613e-05
6.777457e-05
6.845138e-05
7.116195e-05
7.179723e-05
7.428853e-05
7.509252e-05
7.259099e-05
7.255821e-05
7.337882e-05
7.287138e-05
7.200532e-05
7.083608e-05
7.077247e-05
6.775155e-05
6.878368e-05
6.974299e-05
7.265334e-05
7.20518e-05
7.174155e-05
6.90237e-05
7.056486e-05
7.326241e-05
7.169965e-05
7.029649e-05
7.314665e-05
7.384969e-05
7.090128e-05
7.114182e-05
6.860416e-05
6.681141e-05
6.637458e-05
6.755514e-05
6.64571e-05
6.59446e-05
6.61895e-05
6.633679e-05
6.664194e-05
6.782207e-05
6.825804e-05
6.921424e-05
7.196389e-05
7.242962e-05
7.179857e-05
7.172762e-05
7.10311e-05
7.149199e-05
6.805309e-05
6.963782e-05
7.072593e-05
6.905516e-05
6.832733e-05
6.950732e-05
7.185199e-05
7.311621e-05
7.431346e-05
7.416512e-05
7.347804e-05
7.215911e-05
7.173653e-05
7.250017e-05
7.354847e-05
7.454843e-05
7.571062e-05
7.506056e-05
7.394646e-05
7.373554e-05
7.418963e-05
7.138494e-05
7.303932e-05
7.16778e-05
7.371422e-05
7.557476e-05
7.437859e-05
7.63969e-05
7.365686e-05
7.388093e-05
7.52187e-05
7.53417e-05
7.314424e-05
7.171689e-05
7.474641e-05
7.359609e-05
7.17097e-05
7.48426e-05
7.471685e-05
7.393614e-05
7.29918e-05
7.341627e-05
7.107269e-05
7.061501e-05
6.936876e-05
6.91909e-05
6.703408e-05
6.603403e-05
6.559567e-05
6.585722e-05
6.796317e-05
6.750184e-05
6.698406e-05
7.006735e-05
7.144836e-05
7.127735e-05
7.095487e-05
7.126615e-05
7.039731e-05
6.991187e-05
7.046693e-05
6.866458e-05
6.648797e-05
6.728707e-05
6.901788e-05
6.884807e-05
6.661321e-05
6.734147e-05
6.859429e-05
6.865189e-05
6.980525e-05
7.031928e-05
7.03825e-05
7.026946e-05
7.042912e-05
7.076938e-05
7.174106e-05
7.143073e-05
7.204051e-05
7.304997e-05
7.528297e-05
7.425502e-05
7.28953e-05
7.352844e-05
7.199285e-05
7.343638e-05
7.303741e-05
7.116999e-05
7.15536e-05
7.077412e-05
7.250205e-05
7.20642e-05
7.412339e-05
7.511837e-05
7.679406e-05
7.716198e-05
7.727623e-05
7.755941e-05
7.631693e-05
7.679756e-05
7.87052e-05
7.780319e-05
7.667534e-05
7.589475e-05
7.331144e-05
7.421897e-05
7.490911e-05
7.375297e-05
7.382498e-05
7.296593e-05
7.394914e-05
7.326584e-05
7.118127e-05
7.380449e-05
7.233822e-05
7.255042e-05
7.3198e-05
7.225114e-05
7.248332e-05
7.183379e-05
6.957814e-05
6.769306e-05
6.858046e-05
6.977756e-05
7.215595e-05
7.01772e-05
7.306406e-05
7.391855e-05
7.545267e-05
7.300832e-05
7.373259e-05
7.221314e-05
7.047969e-05
6.873228e-05
6.807591e-05
6.753881e-05
6.51296e-05
6.653605e-05
6.802875e-05
6.681967e-05
6.650624e-05
6.77411e-05
7.074219e-05
7.252801e-05
7.338623e-05
7.294472e-05
7.216575e-05
7.245116e-05
7.417571e-05
7.218309e-05
7.00757e-05
6.703935e-05
6.521073e-05
6.531262e-05
6.487729e-05
6.534116e-05
6.681238e-05
6.679713e-05
6.504568e-05
6.477928e-05
6.525702e-05
6.596079e-05
6.369065e-05
6.381554e-05
6.197346e-05
6.080223e-05
5.993468e-05
6.034368e-05
6.027513e-05
6.034989e-05
5.950745e-05
5.893599e-05
5.743939e-05
5.801646e-05
5.652052e-05
5.705118e-05
5.796556e-05
5.706468e-05
5.629972e-05
5.558895e-05
5.373046e-05
5.434867e-05
5.332943e-05
5.212356e-05
5.269909e-05
5.224041e-05
5.234134e-05
5.359315e-05
5.402578e-05
5.380282e-05
5.267851e-05
5.475568e-05
5.475641e-05
5.331053e-05
5.274302e-05
5.271519e-05
5.303246e-05
5.212412e-05
5.157286e-05
5.280823e-05
5.24438e-05
5.35285e-05
5.274453e-05
5.245079e-05
5.160787e-05
5.424679e-05
5.640809e-05
5.729532e-05
5.660292e-05
5.749573e-05
5.704828e-05
5.635889e-05
5.888276e-05
5.926593e-05
5.894553e-05
5.711364e-05
5.855145e-05
5.991777e-05
6.063194e-05
5.886492e-05
5.882168e-05
5.695991e-05
5.476463e-05
5.394054e-05
5.425799e-05
5.453006e-05
5.451292e-05
5.605378e-05
5.776589e-05
5.926131e-05
5.839274e-05
5.813576e-05
5.71904e-05
5.912446e-05
6.065691e-05
5.835267e-05
5.982448e-05
6.045632e-05
6.144619e-05
6.139325e-05
6.29353e-05
6.348948e-05
6.556084e-05
6.524763e-05
6.558627e-05
6.421823e-05
6.33005e-05
6.445074e-05
6.491151e-05
6.571832e-05
6.530131e-05
6.73997e-05
7.014979e-05
7.154142e-05
7.384598e-05
7.251877e-05
7.347414e-05
7.178388e-05
7.322619e-05
6.975602e-05
6.997485e-05
6.819781e-05
6.940305e-05
6.819608e-05
6.787346e-05
6.699743e-05
6.595856e-05
6.64184e-05
6.375499e-05
6.172873e-05
6.124324e-05
5.984429e-05
6.006383e-05
6.183008e-05
6.124978e-05
6.119096e-05
6.111171e-05
6.007909e-05
6.049804e-05
6.246528e-05
6.21472e-05
6.068804e-05
6.175184e-05
6.027646e-05
5.980556e-05
5.933181e-05
6.106461e-05
6.238479e-05
6.165214e-05
6.323386e-05
6.385344e-05
6.557983e-05
6.772822e-05
7.069742e-05
7.066155e-05
6.957453e-05
6.97926e-05
6.959092e-05
6.76267e-05
7.134755e-05
6.972394e-05
6.61655e-05
6.753154e-05
6.863024e-05
6.886991e-05
7.070186e-05
7.04955e-05
7.165157e-05
7.209108e-05
7.085149e-05
7.109974e-05
7.105415e-05
7.132315e-05
7.238493e-05
7.469284e-05
7.631742e-05
7.485798e-05
7.507435e-05
7.324704e-05
7.703751e-05
7.581574e-05
7.777101e-05
7.725847e-05
7.663311e-05
7.974201e-05
8.22756e-05
8.056875e-05
8.005402e-05
8.179239e-05
8.011571e-05
8.053324e-05
7.967919e-05
7.988331e-05
8.043277e-05
7.938131e-05
7.98009e-05
8.052424e-05
8.194231e-05
8.176701e-05
8.116661e-05
8.07523e-05
8.147043e-05
8.014195e-05
8.135184e-05
8.089365e-05
7.803563e-05
7.729223e-05
7.511174e-05
7.762021e-05
7.656642e-05
7.778011e-05
7.8494e-05
7.629691e-05
7.341919e-05
7.303732e-05
7.618157e-05
7.498766e-05
7.413565e-05
7.332455e-05
7.300973e-05
7.166902e-05
7.262331e-05
7.329371e-05
7.49982e-05
7.302165e-05
7.333098e-05
7.408689e-05
7.633888e-05
7.873895e-05
7.801703e-05
7.800748e-05
7.665827e-05
7.697398e-05
7.699711e-05
7.671114e-05
7.645449e-05
7.768773e-05
8.014708e-05
7.929635e-05
8.069772e-05
8.013164e-05
8.300653e-05
8.434124e-05
8.471276e-05
8.284829e-05
8.211428e-05
8.061678e-05
8.037555e-05
7.946824e-05
8.039423e-05
7.945176e-05
7.890683e-05
7.848375e-05
7.864889e-05
7.908274e-05
7.818737e-05
7.754221e-05
7.723392e-05
7.651054e-05
7.579899e-05
7.333094e-05
7.296664e-05
7.334823e-05
7.205327e-05
7.140872e-05
7.09523e-05
6.839318e-05
6.630086e-05
6.714339e-05
6.62076e-05
6.861156e-05
6.83733e-05
6.669317e-05
6.730511e-05
6.901303e-05
6.927414e-05
6.702288e-05
6.777271e-05
6.72015e-05
6.705063e-05
6.556065e-05
6.423776e-05
6.422816e-05
6.204679e-05
6.325313e-05
6.258072e-05
6.30725e-05
6.301191e-05
6.453246e-05
6.433202e-05
6.336566e-05
6.233363e-05
6.347879e-05
6.548365e-05
6.480798e-05
6.502319e-05
6.692247e-05
6.579722e-05
6.671422e-05
6.438541e-05
6.590043e-05
6.79025e-05
6.732803e-05
6.766438e-05
6.809628e-05
6.863153e-05
6.859092e-05
6.784283e-05
6.779426e-05
6.869956e-05
6.912966e-05
7.025387e-05
7.260896e-05
7.163232e-05
7.389978e-05
7.514348e-05
7.669302e-05
7.659838e-05
7.537593e-05
7.425401e-05
7.46374e-05
7.542355e-05
7.444861e-05
7.437307e-05
7.31452e-05
7.476001e-05
7.54492e-05
7.43739e-05
7.365578e-05
7.350564e-05
7.306955e-05
7.287258e-05
7.360223e-05
7.29393e-05
7.206713e-05
7.267498e-05
7.285932e-05
7.120789e-05
7.072997e-05
6.923463e-05
6.870569e-05
6.951663e-05
7.064871e-05
6.970112e-05
6.944044e-05
6.743889e-05
6.565342e-05
6.518014e-05
6.477443e-05
6.510908e-05
6.467132e-05
6.501099e-05
6.62956e-05
6.60556e-05
6.587548e-05
6.642465e-05
6.675551e-05
6.685315e-05
6.715981e-05
6.495611e-05
6.601584e-05
6.813352e-05
6.59871e-05
6.460466e-05
6.557499e-05
6.473866e-05
6.575944e-05
6.429434e-05
6.491294e-05
6.528914e-05
6.39407e-05
6.371273e-05
6.37914e-05
6.414135e-05
6.441236e-05
6.481197e-05
6.669723e-05
6.645795e-05
6.671925e-05
6.879753e-05
7.227358e-05
7.39712e-05
7.39761e-05
7.584638e-05
7.556764e-05
7.571401e-05
7.817563e-05
7.757115e-05
7.828631e-05
7.98094e-05
7.883099e-05
7.736505e-05
7.908296e-05
8.057177e-05
8.09296e-05
8.188505e-05
8.118165e-05
8.046143e-05
8.329959e-05
8.138126e-05
8.018481e-05
8.189056e-05
8.32812e-05
8.247961e-05
8.06614e-05
7.854276e-05
8.063535e-05
8.062505e-05
7.842294e-05
7.932848e-05
7.98244e-05
8.044401e-05
8.341821e-05
8.458094e-05
8.237357e-05
8.435841e-05
8.851745e-05
9.022015e-05
9.103899e-05
9.052895e-05
9.01622e-05
8.946447e-05
9.194799e-05
8.966811e-05
8.821795e-05
8.67898e-05
8.66854e-05
8.652603e-05
8.839331e-05
8.826864e-05
8.916875e-05
9.023183e-05
8.941824e-05
8.747356e-05
8.431942e-05
8.429312e-05
8.514226e-05
8.353957e-05
8.315107e-05
8.184283e-05
8.243185e-05
8.175548e-05
8.291966e-05
8.438699e-05
8.363231e-05
8.553776e-05
8.852566e-05
8.385393e-05
8.336092e-05
8.172243e-05
8.187378e-05
8.209186e-05
8.211507e-05
8.280579e-05
8.101102e-05
8.344697e-05
8.687313e-05
8.664626e-05
8.423599e-05
8.207984e-05
8.25503e-05
8.313604e-05
8.232325e-05
8.44689e-05
8.213672e-05
7.971328e-05
8.184929e-05
7.894284e-05
7.944675e-05
7.814058e-05
7.799643e-05
7.758957e-05
8.00154e-05
8.021243e-05
8.015883e-05
8.057972e-05
7.817143e-05
7.950709e-05
7.771273e-05
7.80709e-05
7.761679e-05
7.926773e-05
8.088713e-05
8.123345e-05
8.061378e-05
7.799038e-05
7.930988e-05
7.957322e-05
8.040089e-05
7.886987e-05
7.676892e-05
7.677822e-05
7.760429e-05
7.895907e-05
7.788551e-05
7.831063e-05
7.732753e-05
7.762551e-05
7.863542e-05
7.865244e-05
7.996846e-05
8.032514e-05
8.087157e-05
8.066164e-05
8.330195e-05
8.390222e-05
8.453965e-05
8.684067e-05
8.451456e-05
8.417927e-05
8.182737e-05
8.096612e-05
7.978047e-05
8.099895e-05
7.855597e-05
7.890126e-05
7.787502e-05
7.643129e-05
7.464045e-05
7.570698e-05
7.570837e-05
7.710008e-05
7.742024e-05
7.734855e-05
7.736999e-05
7.706697e-05
7.71093e-05
7.670444e-05
7.689017e-05
7.585846e-05
7.499719e-05
7.697519e-05
7.635288e-05
7.600289e-05
7.829066e-05
7.780975e-05
7.629112e-05
7.752095e-05
7.663313e-05
7.343667e-05
7.089104e-05
6.97406e-05
7.06044e-05
6.78452e-05
6.697933e-05
6.602412e-05
6.627557e-05
6.567419e-05
6.605131e-05
6.814251e-05
6.775472e-05
6.81694e-05
6.932255e-05
6.995439e-05
7.108088e-05
7.317633e-05
7.106003e-05
7.204846e-05
7.125859e-05
7.333056e-05
7.293965e-05
7.338635e-05
7.328879e-05
7.253174e-05
7.319399e-05
7.311725e-05
7.269973e-05
7.188028e-05
7.291566e-05
7.235249e-05
7.388457e-05
7.385832e-05
7.249578e-05
7.125631e-05
7.040267e-05
7.305658e-05
7.200395e-05
7.108104e-05
7.084429e-05
7.228571e-05
7.051629e-05
7.048944e-05
7.086175e-05
7.079644e-05
6.800115e-05
6.742915e-05
6.741779e-05
6.666148e-05
6.558635e-05
6.501116e-05
6.493508e-05
6.676218e-05
6.950789e-05
7.077835e-05
7.270545e-05
7.335366e-05
7.239889e-05
7.395107e-05
7.444419e-05
7.097939e-05
6.984714e-05
6.960731e-05
7.049821e-05
7.135762e-05
7.202305e-05
7.145716e-05
7.103481e-05
7.341844e-05
7.360613e-05
7.403829e-05
7.468764e-05
7.307225e-05
7.039236e-05
6.863152e-05
6.772563e-05
6.640773e-05
6.616605e-05
6.53213e-05
6.672545e-05
6.797034e-05
6.918091e-05
7.080093e-05
7.001533e-05
7.067717e-05
7.160006e-05
6.901895e-05
7.049774e-05
7.051142e-05
7.28333e-05
7.242179e-05
7.013572e-05
7.054899e-05
7.041949e-05
7.190902e-05
7.335095e-05
7.302908e-05
7.235499e-05
7.308394e-05
7.37401e-05
7.419238e-05
7.243839e-05
7.129852e-05
7.151084e-05
7.21553e-05
7.134143e-05
7.378214e-05
7.517624e-05
7.697938e-05
7.649791e-05
7.695706e-05
7.528045e-05
7.336823e-05
7.360569e-05
7.215693e-05
7.339509e-05
7.387557e-05
7.761923e-05
7.839391e-05
7.924879e-05
7.700075e-05
7.85254e-05
8.00592e-05
8.219971e-05
8.216781e-05
7.985319e-05
7.935394e-05
7.735043e-05
7.8105e-05
8.02019e-05
8.191852e-05
8.197776e-05
7.909362e-05
7.900288e-05
7.984671e-05
7.821381e-05
7.882691e-05
7.699089e-05
7.862505e-05
7.72794e-05
7.528715e-05
7.615956e-05
7.652743e-05
7.57127e-05
7.455088e-05
7.657043e-05
7.526275e-05
7.46902e-05
7.393189e-05
7.260948e-05
7.513357e-05
7.380222e-05
7.217943e-05
7.292064e-05
7.331444e-05
7.505823e-05
7.537355e-05
7.64477e-05
7.60718e-05
7.591938e-05
7.407154e-05
7.401611e-05
7.177805e-05
7.181317e-05
7.106778e-05
7.116021e-05
7.092384e-05
7.067081e-05
7.033659e-05
7.338107e-05
7.422896e-05
7.412588e-05
7.19176e-05
7.472877e-05
7.452278e-05
7.498738e-05
7.508132e-05
7.225922e-05
7.262516e-05
7.050165e-05
7.011806e-05
6.824769e-05
6.798088e-05
6.668399e-05
6.483926e-05
6.577423e-05
6.504454e-05
6.613464e-05
6.566784e-05
6.681571e-05
6.567433e-05
6.689426e-05
6.62576e-05
6.513148e-05
6.376466e-05
6.264975e-05
6.532717e-05
6.603392e-05
6.564326e-05
6.584986e-05
6.889292e-05
7.085109e-05
7.053494e-05
7.083742e-05
7.242801e-05
7.185535e-05
7.262273e-05
7.332258e-05
7.218824e-05
7.412761e-05
7.458758e-05
7.485615e-05
7.477946e-05
7.57935e-05
7.845443e-05
7.894027e-05
7.926906e-05
8.12379e-05
8.251518e-05
8.239762e-05
8.381749e-05
8.269713e-05
8.096781e-05
8.22121e-05
8.262383e-05
8.385996e-05
8.399926e-05
8.634833e-05
8.580251e-05
8.570774e-05
8.581843e-05
8.843619e-05
9.052186e-05
9.246748e-05
9.045285e-05
9.058186e-05
9.033117e-05
9.249376e-05
9.062291e-05
9.240689e-05
9.381517e-05
9.296203e-05
9.199334e-05
9.359605e-05
9.541739e-05
9.516125e-05
9.464412e-05
9.475898e-05
9.460484e-05
9.762764e-05
9.89847e-05
0.0001024151
0.0001042
0.0001063648
0.0001048946
0.0001049299
0.0001050363
0.0001025073
0.000104491
0.0001056557
0.0001090366
0.0001087211
0.0001072206
0.0001063644
0.0001076777
0.0001086851
0.0001091077
0.0001090464
0.000111994
0.0001057788
0.0001042436
0.0001032441
0.0001026368
0.0001045053
0.0001018755
0.0001017286
0.000101252
0.0001022087
0.0001031245
0.0001055591
0.0001047265
0.0001017881
9.894707e-05
9.768623e-05
9.695931e-05
9.494122e-05
9.910126e-05
0.0001005741
9.93781e-05
0.0001006658
0.0001001801
0.000100814
9.944371e-05
9.788155e-05
0.0001008336
0.0001009777
0.000100029
9.669695e-05
9.498795e-05
9.505906e-05
9.259809e-05
9.469342e-05
9.61269e-05
9.556726e-05
9.413087e-05
9.579303e-05
9.610452e-05
9.576778e-05
9.76498e-05
9.613602e-05
9.603099e-05
9.587996e-05
9.562299e-05
9.611056e-05
9.570876e-05
9.495147e-05
9.584476e-05
9.700452e-05
9.965851e-05
9.870725e-05
9.890529e-05
9.959833e-05
9.910041e-05
9.74222e-05
9.510544e-05
9.339244e-05
9.472932e-05
9.247425e-05
9.351427e-05
9.405917e-05
9.446842e-05
9.292873e-05
9.391463e-05
9.187402e-05
9.181801e-05
9.302153e-05
9.214341e-05
9.244543e-05
9.328498e-05
9.41996e-05
9.275156e-05
9.160991e-05
9.26893e-05
9.351442e-05
9.484458e-05
9.447451e-05
9.206546e-05
9.534811e-05
9.666128e-05
9.684825e-05
9.651319e-05
9.962034e-05
0.0001006171
0.0001016661
9.946114e-05
9.94324e-05
0.0001013322
0.0001030272
0.0001036482
0.0001068278
0.0001084226
0.0001101992
0.0001094265
0.0001063535
0.0001049706
0.0001024492
0.0001009023
0.0001010045
0.0001031391
0.000105389
0.0001055523
0.0001052291
0.0001041084
0.0001045014
0.0001060889
0.0001056172
0.0001078104
0.0001059936
0.0001112627
0.000111459
0.0001089422
0.0001096973
0.000112658
0.0001110203
0.0001128484
0.0001096369
0.0001083124
0.000109956
0.0001094903
0.0001104656
0.0001118703
0.000112332
0.000110209
0.0001107111
0.0001068438
0.0001097181
0.0001078417
0.0001073462
0.0001052787
0.0001072368
0.0001071706
0.0001064934
0.0001079802
0.0001081885
0.0001094654
0.0001108091
0.0001108339
0.0001133991
0.0001170297
0.0001149858
0.0001106364
0.0001094778
0.0001052774
0.0001055335
0.0001078342
0.0001107392
0.0001120803
0.0001135774
0.0001150943
0.0001156326
0.0001152866
0.000112175
0.0001084626
0.0001086747
0.0001062357
0.0001034939
0.000103243
0.0001015567
0.0001005292
0.0001028368
0.0001009316
0.0001018213
0.0001001227
0.0001006174
0.0001054234
0.000110178
0.0001111519
0.0001128872
0.0001153748
0.0001154729
0.0001153593
0.000115839
0.0001128012
0.0001117031
0.0001121414
0.0001135874
0.0001115691
0.0001117073
0.0001109046
0.0001078256
0.0001082969
0.0001066571
0.0001044054
0.0001047334
0.0001055736
0.0001046038
0.0001020338
0.0001033865
0.0001030167
0.0001020664
0.0001022679
0.0001036637
0.0001040202
0.0001024804
0.0001031464
0.0001012353
0.0001020241
0.0001015138
0.000102189
0.0001022005
0.0001049088
0.0001028364
0.0001035706
0.0001016049
0.0001029211
0.0001045112
0.0001021324
0.0001032284
0.0001038419
0.0001014731
9.795914e-05
9.871324e-05
9.64458e-05
9.735568e-05
9.690177e-05
9.851754e-05
9.885729e-05
9.358597e-05
9.390148e-05
9.446944e-05
9.341907e-05
9.517153e-05
9.66954e-05
9.566967e-05
9.644108e-05
9.705312e-05
9.460585e-05
9.030181e-05
8.770921e-05
9.128896e-05
8.974762e-05
8.877939e-05
8.844953e-05
8.873995e-05
8.912096e-05
9.058874e-05
9.341883e-05
9.0675e-05
9.193027e-05
9.110067e-05
9.152345e-05
9.378735e-05
9.362752e-05
9.812868e-05
9.76406e-05
0.0001009826
9.782207e-05
9.679537e-05
9.350242e-05
9.315905e-05
9.109237e-05
9.187694e-05
9.009917e-05
9.120091e-05
9.432246e-05
9.354988e-05
9.151746e-05
9.321601e-05
9.360503e-05
9.295712e-05
9.768111e-05
9.811789e-05
9.90997e-05
9.794138e-05
9.749553e-05
9.727801e-05
9.746346e-05
9.954737e-05
9.90184e-05
9.618503e-05
9.60939e-05
9.877395e-05
9.892988e-05
9.814483e-05
9.575303e-05
9.576887e-05
9.43763e-05
9.726509e-05
9.863187e-05
9.687682e-05
9.721827e-05
9.71341e-05
9.886604e-05
0.0001004913
0.0001016596
0.0001003083
0.0001010488
0.000102261
0.0001022268
0.0001044751
0.0001047981
0.0001048676
0.0001025007
0.0001027041
0.0001012714
0.000101454
9.972592e-05
0.0001014297
0.0001020476
0.0001001114
0.0001009715
0.0001009694
0.0001028764
0.0001018116
0.0001005169
0.0001018913
0.0001020504
0.0001072492
0.0001074321
0.0001091256
0.0001101815
0.0001091028
0.0001073347
0.0001121036
0.0001095624
0.0001083339
0.0001069009
0.0001074
0.0001080224
0.0001104846
0.0001106928
0.0001069811
0.0001059828
0.0001086872
0.0001088941
0.0001092216
0.0001109533
0.0001137517
0.0001091472
0.0001102785
0.000112522
0.000112059
0.0001117847
0.0001126534
0.0001127993
0.0001127586
0.0001144366
0.000117119
0.0001187455
0.0001191241
0.000116127
0.0001193492
0.0001183711
0.0001170526
0.0001196436
0.0001194207
0.000117128
0.0001185498
0.0001164508
0.0001188645
0.0001191456
0.0001228472
0.0001208894
0.000115583
0.0001158263
0.0001139246
0.0001141968
0.00011353
0.0001126527
0.0001076181
0.0001102147
0.0001093638
0.0001080872
0.0001077264
0.0001091282
0.0001055981
0.0001035509
0.0001086676
0.000114537
0.0001113388
0.0001077808
0.0001061746
0.0001062041
0.0001069933
0.0001070731
0.0001066594
0.0001058212
0.0001066434
0.0001057587
0.0001063053
0.0001102786
0.000110378
0.0001106542
0.0001109775
0.0001090879
0.0001058385
0.0001042626
0.0001045933
0.0001031549
0.0001017538
9.926955e-05
0.0001017007
0.0001010313
9.486896e-05
9.387853e-05
9.440148e-05
9.261647e-05
9.1426e-05
8.986012e-05
9.254702e-05
9.2791e-05
9.158446e-05
9.321597e-05
9.230216e-05
9.220058e-05
9.073993e-05
9.030251e-05
8.972365e-05
8.532661e-05
8.652192e-05
8.420978e-05
8.316433e-05
8.3325e-05
8.15335e-05
8.261994e-05
7.983891e-05
7.746237e-05
7.724702e-05
7.853035e-05
7.904811e-05
8.044994e-05
8.257209e-05
8.331074e-05
8.203187e-05
8.394948e-05
8.260882e-05
8.522494e-05
8.633596e-05
8.37669e-05
8.3191e-05
8.582239e-05
8.533291e-05
8.617577e-05
8.622718e-05
8.589324e-05
8.724661e-05
8.650718e-05
8.724016e-05
8.51181e-05
8.332708e-05
8.213305e-05
8.188331e-05
8.299778e-05
8.259082e-05
8.605696e-05
8.43734e-05
8.583427e-05
8.424142e-05
8.531658e-05
8.518719e-05
8.35676e-05
8.545663e-05
8.334913e-05
8.494387e-05
8.764424e-05
8.642068e-05
8.636525e-05
8.544361e-05
8.42325e-05
8.461578e-05
8.382322e-05
8.627232e-05
8.533685e-05
8.651008e-05
8.772704e-05
8.701156e-05
8.720928e-05
8.681329e-05
8.538347e-05
8.65579e-05
8.449462e-05
8.433274e-05
8.026453e-05
8.200538e-05
8.317526e-05
8.400839e-05
8.317337e-05
8.356699e-05
8.247616e-05
8.248019e-05
8.244217e-05
8.25654e-05
8.411661e-05
8.406477e-05
8.362632e-05
8.231135e-05
8.277869e-05
8.175632e-05
8.055387e-05
8.001339e-05
7.988642e-05
8.080337e-05
8.337117e-05
8.254224e-05
8.295477e-05
8.119686e-05
8.041542e-05
8.052159e-05
7.935544e-05
7.689582e-05
7.770296e-05
7.905668e-05
7.897265e-05
7.806029e-05
7.87166e-05
7.807102e-05
7.893048e-05
7.920816e-05
7.983396e-05
8.000145e-05
7.944704e-05
8.090294e-05
7.865513e-05
8.216605e-05
8.196052e-05
8.031865e-05
7.956162e-05
7.803259e-05
8.078207e-05
8.106725e-05
7.844314e-05
8.200316e-05
8.446616e-05
8.53362e-05
8.593048e-05
8.740092e-05
8.54268e-05
8.421196e-05
8.496482e-05
8.701413e-05
8.654927e-05
8.750798e-05
8.508056e-05
8.420983e-05
8.591214e-05
8.55325e-05
8.568117e-05
8.422849e-05
8.416672e-05
8.579031e-05
8.434532e-05
8.521356e-05
8.515132e-05
8.501798e-05
8.457615e-05
8.312989e-05
8.134914e-05
8.000788e-05
7.888528e-05
7.73826e-05
7.828325e-05
7.735836e-05
7.628767e-05
7.374232e-05
7.346074e-05
7.187323e-05
7.059753e-05
7.169082e-05
7.112145e-05
7.104752e-05
7.101919e-05
7.161428e-05
7.089599e-05
6.931466e-05
6.693522e-05
6.731902e-05
6.808827e-05
6.914619e-05
6.861461e-05
6.811323e-05
6.832642e-05
6.876742e-05
7.014912e-05
7.102878e-05
7.183792e-05
7.562651e-05
7.467839e-05
7.655382e-05
7.698141e-05
7.627586e-05
7.66867e-05
7.627295e-05
7.737627e-05
7.63425e-05
7.651863e-05
7.680565e-05
7.666932e-05
7.532985e-05
7.704403e-05
7.835128e-05
7.926045e-05
8.04914e-05
8.192654e-05
8.500865e-05
8.618971e-05
8.537176e-05
8.542003e-05
8.536227e-05
8.45274e-05
8.486227e-05
8.342364e-05
8.163074e-05
8.133628e-05
8.22213e-05
8.314254e-05
8.42694e-05
8.344481e-05
8.226615e-05
8.119923e-05
8.109677e-05
7.848506e-05
7.990538e-05
7.890807e-05
7.791106e-05
7.782846e-05
7.71639e-05
7.703158e-05
7.637751e-05
7.687411e-05
7.892387e-05
8.178346e-05
8.188081e-05
8.455399e-05
8.316967e-05
8.465891e-05
8.628435e-05
8.460113e-05
8.502574e-05
8.586625e-05
8.367835e-05
8.249309e-05
8.140863e-05
8.110381e-05
8.245226e-05
8.259653e-05
8.136163e-05
7.858959e-05
7.629206e-05
7.640008e-05
7.406043e-05
7.677449e-05
7.859827e-05
7.927541e-05
8.080586e-05
8.398623e-05
8.231626e-05
8.272935e-05
8.260609e-05
8.299241e-05
8.469233e-05
8.10787e-05
8.119742e-05
8.114666e-05
8.298593e-05
8.244182e-05
8.337674e-05
8.169774e-05
8.066807e-05
8.013772e-05
8.204141e-05
8.385693e-05
8.215471e-05
8.268045e-05
8.15057e-05
8.154454e-05
8.250921e-05
8.240423e-05
8.287521e-05
8.242589e-05
8.037573e-05
8.133174e-05
7.966432e-05
7.987214e-05
7.966896e-05
7.750138e-05
7.893087e-05
8.065563e-05
8.033722e-05
8.007305e-05
8.045542e-05
8.03988e-05
8.123233e-05
8.209412e-05
8.103135e-05
8.019761e-05
8.088497e-05
7.957805e-05
7.981435e-05
7.672506e-05
7.797392e-05
7.680834e-05
7.709036e-05
7.619753e-05
7.629691e-05
7.607505e-05
7.606533e-05
7.490609e-05
7.77494e-05
7.774687e-05
7.689471e-05
7.730848e-05
7.779528e-05
7.684398e-05
>>>>>>> 6f62d92656549ac78d700cd01a7fbbcf9ca76c44
