0.02679083
0.02589246
0.02415351
0.02021862
0.01489836
0.01668101
0.01602246
0.01547099
0.01555466
0.01658228
0.0177706
0.0166057
0.01610746
0.01633115
0.01472998
0.01343545
0.009857368
0.01047605
0.01261976
0.01168316
0.009208557
0.01010536
0.01272562
0.01266059
0.01345259
0.01274391
0.01159057
0.01035425
0.01050381
0.01339451
0.01282768
0.01098446
0.01137126
0.0141366
0.01747782
0.01655892
0.01736838
0.01577984
0.01584785
0.01597368
0.02013957
0.01837669
0.02120665
0.02710544
0.02884348
0.0282094
0.02509563
0.02462131
0.02833601
0.02418072
0.0234784
0.02443715
0.02525607
0.0278993
0.02891237
0.0304013
0.0285815
0.03053291
0.03625328
0.0362242
0.03144571
0.0334919
0.03677733
0.03464781
0.03053848
0.02508654
0.02670142
0.02723936
0.02928358
0.02611982
0.02209717
0.01924134
0.01855048
0.01889935
0.01891561
0.01624854
0.01816239
0.01771273
0.01997376
0.02116558
0.0248974
0.02157654
0.01758289
0.01818082
0.01848363
0.01988892
0.01831638
0.01914499
0.01676324
0.01283497
0.01134655
0.01303074
0.01280729
0.01300592
0.01166298
0.01358293
0.01352774
0.01112439
0.01177289
0.01358436
0.01388565
0.01868228
0.02215238
0.02499897
0.01918196
0.01736725
0.01838765
0.01675684
0.01754381
0.01971371
0.01664853
0.01772008
0.01905391
0.01815449
0.019686
0.01974876
0.02108924
0.02189083
0.02003078
0.02321062
0.02171074
0.01652008
0.0193555
0.02215475
0.02087684
0.02416258
0.02676658
0.0217142
0.01878576
0.0178093
0.0183918
0.01799961
0.02126599
0.02023484
0.01729259
0.02043208
0.01724061
0.01677127
0.01641704
0.01568928
0.01466396
0.01109064
0.01167562
0.01349621
0.01198334
0.00926386
0.00916825
0.01354868
0.01774061
0.01626
0.01702441
0.02019145
0.0207169
0.01975189
0.0173547
0.01890957
0.0174563
0.02048617
0.0127173
0.01200617
0.01425317
0.0145768
0.01456802
0.01697498
0.01575078
0.01672565
0.01460789
0.01666871
0.01913963
0.01978429
0.02080968
0.01764539
0.02325638
0.02474563
0.03223036
0.02911864
0.02573443
0.02586464
0.03347749
0.03636591
0.03188111
0.02935638
0.03405046
0.0363226
0.03383467
0.03090603
0.03043894
0.04084234
0.03666668
0.03866255
0.03454586
0.03488559
0.04330221
0.03733403
0.03958649
0.04745441
0.04762457
0.05087544
0.04605433
0.04898003
0.04746732
0.04540545
0.05299545
0.03918386
0.03917981
0.03074652
0.03607107
0.02897866
0.02665065
0.02856357
0.02284732
0.0222605
0.02070826
0.01711678
0.02038228
0.01993162
0.01785651
0.01622381
0.01635677
0.01748915
0.02016954
0.01905625
0.0152916
0.01542363
0.02053657
0.01352943
0.01366155
0.0134402
0.01367496
0.01366891
0.01146275
0.01148013
0.01213164
0.01200086
0.01259658
0.01414528
0.01552016
0.01493338
0.01382909
0.01475514
0.01681446
0.01892616
0.01623754
0.01587553
0.016991
0.01821775
0.01912586
0.0205469
0.01807683
0.02272186
0.01939377
0.0216861
0.02650215
0.02504708
0.03399515
0.03759702
0.03686924
0.03369092
0.03578184
0.02965535
0.02783835
0.02190353
0.01904558
0.01993955
0.01678528
0.01498841
0.01770928
0.01754703
0.02068885
0.02226401
0.02589858
0.02625969
0.02633731
0.03124236
0.02916724
0.02339462
0.02673222
0.02591099
0.02875206
0.02653054
0.02740404
0.02803624
0.03393555
0.03235611
0.03309773
0.02754462
0.02428104
0.02550311
0.02466303
0.02260161
0.02519856
0.02948972
0.02294182
0.02134791
0.01975152
0.01971112
0.02447821
0.0251455
0.02319477
0.0253831
0.02848884
0.02710351
0.02494672
0.02785463
0.03264186
0.02719894
0.02947037
0.03282215
0.02806128
0.02960947
0.02385575
0.02120674
0.02855784
0.02156453
0.02051812
0.02352764
0.02194317
0.01946196
0.01513692
0.01609593
0.01404371
0.01644236
0.01629858
0.02218645
0.02530255
0.02013264
0.02073206
0.01562618
0.01495497
0.0117157
0.009993913
0.009590902
0.01002295
0.009641267
0.009840174
0.00902694
0.008988743
0.01012108
0.009330295
0.009182253
0.00912448
0.01064707
0.009005059
0.01182263
0.01591183
0.01703047
0.02360362
0.02583351
0.02962546
0.03682207
0.03737155
0.03661545
0.03660467
0.04456797
0.0478654
0.05907349
0.05372719
0.04367686
0.05139007
0.05880073
0.06548892
0.0608762
0.03980101
0.03777975
0.03095796
0.0294739
0.0324098
0.02850481
0.02364139
0.02311996
0.02685482
0.02162107
0.0206284
0.01855816
0.01885661
0.01588571
0.01949716
0.02033602
0.02376122
0.02484497
0.02440757
0.02870968
0.03391388
0.03639034
0.03308533
0.02636895
0.03109163
0.02968241
0.02634483
0.02521808
0.02698103
0.02578759
0.03293935
0.02889411
0.0297364
0.02883875
0.03271133
0.03621843
0.03590113
0.03792312
0.04006619
0.03738938
0.03864211
0.04132718
0.05193262
0.05158621
0.04422643
0.04640039
0.04427393
0.04864732
0.05318167
0.0480834
0.05254729
0.04335699
0.0409177
0.0492099
0.05653746
0.0520869
0.04283801
0.03600109
0.02975927
0.03074976
0.02865239
0.02783423
0.02786482
0.023718
0.02181678
0.02075439
0.01813266
0.01702021
0.01963029
0.0185038
0.01534905
0.01914413
0.01568107
0.01294372
0.01647265
0.01844863
0.01299252
0.01364815
0.01939017
0.01902417
0.0197392
0.01852888
0.02052422
0.02410263
0.02628191
0.02548011
0.02175238
0.02895949
0.02920465
0.02836522
0.02174417
0.02495482
0.02442881
0.02504827
0.02174981
0.02271523
0.02066274
0.01612973
0.01469819
0.01632169
0.01743816
0.0171344
0.01411
0.01523263
0.01737003
0.01457183
0.0149764
0.01294963
0.01333027
0.01471845
0.01679611
0.01747116
0.01348019
0.01091768
0.01364029
0.01655558
0.01417628
0.01344727
0.01401109
0.01168334
0.01344436
0.01397786
0.01416605
0.01475558
0.01380636
0.01474422
0.0150325
0.01227333
0.01507379
0.01749148
0.01449776
0.01668711
0.01636155
0.01743854
0.02200964
0.0200704
0.0192273
0.01337224
0.01374379
0.01337752
0.01140566
0.01504856
0.01737833
0.01524299
0.01368515
0.01220719
0.01306302
0.01475971
0.016727
0.01439301
0.01371527
0.01397245
0.01275609
0.01506228
0.01396688
0.01211262
0.01255463
0.01352467
0.017208
0.01969042
0.0198947
0.01863214
0.01814809
0.01884795
0.01885328
0.01422419
0.01801895
0.01808308
0.02300987
0.02254789
0.0226282
0.02410147
0.02486058
0.02713583
0.02331846
0.0201928
0.01861269
0.01719264
0.01976516
0.02186579
0.02002868
0.01728794
0.01824355
0.01891349
0.01947061
0.01839878
0.02207815
0.01827643
0.01920724
0.02183358
0.02073964
0.01591704
0.02051055
0.01631281
0.01898508
0.0169262
0.01890141
0.01916843
0.01722144
0.01772592
0.01552136
0.01421797
0.01334114
0.01545662
0.01481491
0.01204135
0.01227923
0.0131362
0.0114786
0.01128193
0.01208018
0.01335878
0.014594
0.01441615
0.01345057
0.01229146
0.01161048
0.01261985
0.01488774
0.01589538
0.01659137
0.01538054
0.01319435
0.01561595
0.01342596
0.01008825
0.01086493
0.009810724
0.01124331
0.01240185
0.0129917
0.01172989
0.01127331
0.01198089
0.01351779
0.01287437
0.01389407
0.01287685
0.01549227
0.01699926
0.02124585
0.02315571
0.01929585
0.01935146
0.02155974
0.02151811
0.02013832
0.02178654
0.02193571
0.02066575
0.01891953
0.02241784
0.02905852
0.0308087
0.02881234
0.02203143
0.01741681
0.01727989
0.0151761
0.01561178
0.01710719
0.01928084
0.02203612
0.02159361
0.02636319
0.02456287
0.02325685
0.01488633
0.01659088
0.01519625
0.01552866
0.01541657
0.01634027
0.01791412
0.013326
0.01426288
0.0166084
0.01621904
0.0156517
0.01820037
0.01358024
0.01297127
0.01371798
0.01851899
0.02303966
0.03146426
0.02670913
0.02942533
0.02588105
0.02899278
0.02903657
0.02935873
0.02263472
0.02521628
0.02618279
0.02805216
0.027599
0.03005053
0.03467238
0.03099713
0.03051627
0.03183353
0.02699128
0.0264957
0.02482249
0.02373283
0.01858522
0.02019663
0.02184541
0.02501588
0.03006275
0.03661785
0.03217703
0.03931595
0.03336513
0.03333455
0.03290753
0.03002722
0.03310986
0.02861143
0.03280282
0.03361235
0.03513666
0.04242868
0.04096247
0.04113736
0.04637436
0.03398967
0.03323012
0.03911631
0.03620537
0.03965481
0.03679281
0.04231491
0.03970698
0.0282746
0.02965544
0.02253243
0.02348867
0.02479004
0.02519855
0.02129215
0.02208775
0.0187965
0.01862815
0.01676742
0.02089692
0.0194176
0.02155146
0.02175613
0.02090682
0.02164302
0.01968396
0.0227633
0.02026962
0.02104037
0.01890636
0.01900654
0.01825494
0.02017146
0.02305552
0.02502443
0.03009027
0.0330342
0.0277932
0.03260645
0.03280119
0.02934143
0.02535923
0.02572391
0.01855796
0.02141742
0.01710771
0.01701016
0.01833179
0.01724995
0.01356016
0.01552627
0.01400426
0.01703561
0.01444735
0.01306361
0.01481579
0.01881065
0.01924283
0.01703339
0.01795871
0.01471753
0.01717387
0.01727593
0.01940347
0.01860817
0.02025562
0.01972936
0.02170208
0.0180108
0.0216404
0.02191703
0.02263371
0.02815234
0.02598487
0.02282587
0.02461653
0.02809076
0.02430924
0.03145088
0.02915843
0.03078213
0.03284691
0.02745245
0.02264122
0.02220949
0.02212837
0.02036776
0.0187078
0.01927203
0.02211641
0.02311945
0.02174476
0.02925037
0.02592417
0.0235332
0.02589822
0.02192383
0.02383739
0.02238241
0.02525147
0.0271267
0.03118275
0.03305467
0.03604213
0.031667
0.03209048
0.02999985
0.0248816
0.02564224
0.02888653
0.03420497
0.02872601
0.03193513
0.03202441
0.02817172
0.02533401
0.02462354
0.02294995
0.02003614
0.01841814
0.02127004
0.02415809
0.02220183
0.01502041
0.01603707
0.01200673
0.01503719
0.01454422
0.01695899
0.01867712
0.02013119
0.02145923
0.02166565
0.01806069
0.01865282
0.01950241
0.01758871
0.01787925
0.01958321
0.02088899
0.02140805
0.02123869
0.02395195
0.0238862
0.02262793
0.02029729
0.01986535
0.02306331
0.02202133
0.02181827
0.01899067
0.01885314
0.02231071
0.01982409
0.02345785
0.02259212
0.02043838
0.02506773
0.02583029
0.02561872
0.01841691
0.01707116
0.01821417
0.01634316
0.01130751
0.01369924
0.0145002
0.01381582
0.01342707
0.01457788
0.01464083
0.0158949
0.01608898
0.01750669
0.01977046
0.02252018
0.01659195
0.01898925
0.02112297
0.02448686
0.0247362
0.02520373
0.02486314
0.02305592
0.0234699
0.02239861
0.02327185
0.02467999
0.01975869
0.01727861
0.0146746
0.01600734
0.01293718
0.01408543
0.01185296
0.01299709
0.0130183
0.01119059
0.01076169
0.01149874
0.01011612
0.01195742
0.01047225
0.01004568
0.01226006
0.01260369
0.009823105
0.009630683
0.008854203
0.01039689
0.009637673
0.01106653
0.01083509
0.008474056
0.01114173
0.01479185
0.01488992
0.01895995
0.02019051
0.01693676
0.0195985
0.01721629
0.01866867
0.02068945
0.01912234
0.01516819
0.02065399
0.01843638
0.01776996
0.01654274
0.01545498
0.01443663
0.01257474
0.01022591
0.01140652
0.008986466
0.009165503
0.01106941
0.0121632
0.01331662
0.01148684
0.0116722
0.01185045
0.01307536
0.0120413
0.01628208
0.01366325
0.01502882
0.01478818
0.0193632
0.02442814
0.03007032
0.02996212
0.02733895
0.03167192
0.03579017
0.03495783
0.04455324
0.0508604
0.05176155
0.04283593
0.03956064
0.0358532
0.03680688
0.03710488
0.03539296
0.0266638
0.02699035
0.02266775
0.02741041
0.03282862
0.02555825
0.02589557
0.02364271
0.02446341
0.02982817
0.02473909
0.02258388
0.0242669
0.02556857
0.02532911
0.02508999
0.03114616
0.02945417
0.03972446
0.04050232
0.04241173
0.03575225
0.02522843
0.02923017
0.02449495
0.02350377
0.02012203
0.01511415
0.01442438
0.01308901
0.01244513
0.01278457
0.0131517
0.009157187
0.008608443
0.01034774
0.008213544
0.009436667
0.01141929
0.01136863
0.008599841
0.009876021
0.01225661
0.01579792
0.01254186
0.01129771
0.01278579
0.01522883
0.01656169
0.01975386
0.01441501
0.01799657
0.01388957
0.0139949
0.01325198
0.01371102
0.01434714
0.01587686
0.01311586
0.01616762
0.01759999
0.01775747
0.01475972
0.01553892
0.01768408
0.01530509
0.01321082
0.01458506
0.01548936
0.01524812
0.02220817
0.02721542
0.0230812
0.02195686
0.02885956
0.03353989
0.03331197
0.03212865
0.03031389
0.0316079
0.02728836
0.03275017
0.03187612
0.03015255
0.03283505
0.03254562
0.03302503
0.03342324
0.02672477
0.02249232
0.02419741
0.02964141
0.0292088
0.02900923
0.02575153
0.02306166
0.02837336
0.02353029
0.02415723
0.0180049
0.01802033
0.01604533
0.01960122
0.01702111
0.01466324
0.01623325
0.01682111
0.01179436
0.01105395
0.01065598
0.01255556
0.01023063
0.01182499
0.01287263
0.01533054
0.01843618
0.01636939
0.01841931
0.02026964
0.022967
0.02475326
0.0215887
0.02358957
0.0252523
0.02300351
0.02596003
0.02976736
0.02960525
0.02833778
0.02487404
0.02247406
0.02358949
0.02536883
0.02423732
0.02627805
0.0332531
0.02520012
0.02634781
0.02224505
0.02062784
0.0232324
0.01859436
0.01610051
0.01652742
0.01784692
0.01703032
0.01969663
0.0202251
0.02393074
0.02557532
0.0268319
0.02417073
0.02123646
0.01941012
0.01837996
0.01477474
0.01627834
0.01863648
0.01840773
0.01514919
0.01487813
0.01730404
0.01854224
0.017121
0.01868492
0.01758197
0.01633546
0.01626196
0.0192623
0.01825221
0.02001542
0.01915544
0.02101341
0.02276146
0.02348781
0.02640584
0.02992527
0.03156018
0.02937195
0.0294177
0.02403363
0.01824695
0.01863011
0.01707739
0.01737047
0.01467725
0.01305895
0.01127366
0.01113467
0.01097472
0.01040889
0.012966
0.01335304
0.0116137
0.01113136
0.01005922
0.009086112
0.008563998
0.009456445
0.01165955
0.01388481
0.0165635
0.01290428
0.01462043
0.01762343
0.0133841
0.01445493
0.01573689
0.01425101
0.01776545
0.02093209
0.02135651
0.0228984
0.02072643
0.02675627
0.02379327
0.02755199
0.02430905
0.02372907
0.02282208
0.02157649
0.02119134
0.01618579
0.01820036
0.0169878
0.01710026
0.01967009
0.02485046
0.02194792
0.02673129
0.02421456
0.02375118
0.02550912
0.02553038
0.0214426
0.02273688
0.02184759
0.01771284
0.0188833
0.01948152
0.02112448
0.01865649
0.01708509
0.01887012
0.01366267
0.01504983
0.01462377
0.01704506
0.01856367
0.01753719
0.01634296
0.01629478
0.01544164
0.01979908
0.02051006
0.02083551
0.01697067
0.01721546
0.01913082
0.01965182
0.01897967
0.0159007
0.01735704
0.01807927
0.01831585
0.01838519
0.0219498
0.02039709
0.02171568
0.02693895
0.02875305
0.02679154
0.02218784
0.02054809
0.02144456
0.02061251
0.02245837
0.02491778
0.02556686
0.02321721
0.01777206
0.01337874
0.01544875
0.0150296
0.01555118
0.01375902
0.0156442
0.01780064
0.01494335
0.01959005
0.0168809
0.0197012
0.01836399
0.0166133
0.0181835
0.01949268
0.01673614
0.01736487
0.01915747
0.01595861
0.01902884
0.01753004
0.01810599
0.02148139
0.0274438
0.03111096
0.03282878
0.03382808
0.0347339
0.03382185
0.02962051
0.03164068
0.03115523
0.03585879
0.04178823
0.04348627
0.04194767
0.04119755
0.04349169
0.03594332
0.02936477
0.03327548
0.03191067
0.03307414
0.03247158
0.03233403
0.02583006
0.02564638
0.02940228
0.03109384
0.02748697
0.026917
0.02395409
0.02287175
0.02252905
0.01973236
0.02379332
0.02410981
0.02310131
0.02035998
0.02487393
0.02239793
0.01841653
0.01538127
0.01586038
0.01296981
0.01201798
0.01179553
0.01514433
0.01475661
0.01386898
0.01308183
0.01488444
0.01663108
0.01881273
0.01907457
0.02121073
0.02226868
0.01964359
0.02349385
0.02934079
0.02968627
0.03890138
0.03437332
0.03315565
0.02421376
0.02188787
0.0215014
0.02297664
0.02841776
0.0359409
0.0345612
0.04076541
0.04032339
0.03595195
0.0296211
0.02224893
0.02108505
0.02592771
0.02837139
0.02599273
0.01982069
0.01512304
0.01836151
0.02107683
0.0222256
0.02479596
0.01704667
0.01645543
0.01377946
0.01401972
0.01341641
0.01136961
0.01003043
0.01137475
0.01102076
0.01145986
0.01191959
0.01003659
0.008315877
0.00883762
0.00839134
0.009612504
0.01202643
0.01364045
0.01508698
0.01238572
0.01263811
0.01436748
0.01407006
0.01365602
0.01087508
0.01355012
0.01315419
0.01452888
0.01370912
0.01178518
0.01479545
0.01711444
0.02307277
0.0220681
0.02436626
0.02334342
0.02129868
0.02257669
0.02580905
0.02485801
0.02604682
0.02777898
0.03088025
0.02994963
0.02596792
0.02580731
0.02283592
0.01807904
0.01491293
0.01675862
0.01711858
0.01712288
0.01533159
0.01269996
0.01184849
0.01395349
0.01716902
0.02022726
0.01859675
0.02082879
0.01903655
0.01823272
0.01506852
0.01823158
0.01928779
0.01841838
0.01974869
0.02237798
0.02730708
0.02416656
0.02039829
0.02687151
0.02700457
0.02160348
0.02221965
0.02238045
0.01952483
0.0174957
0.0211109
0.02110984
0.02342518
0.02235408
0.0201337
0.02437345
0.02642447
0.02733892
0.02367525
0.01916465
0.01936821
0.01981758
0.02280536
0.01484565
0.01487054
0.01941357
0.01881961
0.02134974
0.0185533
0.01906632
0.02073959
0.01578836
0.01367956
0.01232141
0.0110402
0.008803454
0.01030516
0.01199274
0.01294312
0.01401541
0.01683667
0.02043215
0.02202504
0.02175762
0.02652203
0.03263714
0.0332278
0.03622113
0.03381569
0.0281753
0.03086804
0.02676561
0.02963615
0.02767469
0.03023792
0.02422581
0.02037581
0.02048945
0.0224214
0.0186208
0.0245692
0.02710543
0.03628139
0.03540925
0.03288081
0.0267941
0.02766679
0.02544733
0.02520732
0.02572807
0.021355
0.01952823
0.02181494
0.01986785
0.01687774
0.01663902
0.02031471
0.01997669
0.01794022
0.01911945
0.02120075
0.01904922
0.01792869
0.01671365
0.01632523
0.01723835
0.02008569
0.02052156
0.02264448
0.02534404
0.02828542
0.03087549
0.02531592
0.02180806
0.02107427
0.01864246
0.0187825
0.01511503
0.01556142
0.01681989
0.01913863
0.01758124
0.01915393
0.0195925
0.01807358
0.01777907
0.01770764
0.01830596
0.02173697
0.02050259
0.01861014
0.01896559
0.01735422
0.01794055
0.01486686
0.02125096
0.02598491
0.02667547
0.0264807
0.02657045
0.02596174
0.02475851
0.02744339
0.02874887
0.02859778
0.03077851
0.03070679
0.02947498
0.03267078
0.03555962
0.03250219
0.03344769
0.03000426
0.02745721
0.02782104
0.02215134
0.02666817
0.02675815
0.03133914
0.0300924
0.03296289
0.03496892
0.03312007
0.03896204
0.03322563
0.03185136
0.03035755
0.02790969
0.02695388
0.02713463
0.02641555
0.03156421
0.03184282
0.02489964
0.02766606
0.03143742
0.02747324
0.02696494
0.01932623
0.02040834
0.01439789
0.01461959
0.0149232
0.01801414
0.01808737
0.01991728
0.01935295
0.01976483
0.0193153
0.01798176
0.01338641
0.01410418
0.01129979
0.01111571
0.01040929
0.01342947
0.0163257
0.01251981
0.01182402
0.0124975
0.01263964
0.01317679
0.01473694
0.01661815
0.01381262
0.0146331
0.01738503
0.01695016
0.01763909
0.02171298
0.01963833
0.01939144
0.02061187
0.01824739
0.01993228
0.0222628
0.02630298
0.02565509
0.02483771
0.0252122
0.02178401
0.0171652
0.01331379
0.01741319
0.01544114
0.01692953
0.01808544
0.01785742
0.01857811
0.02391343
0.03203111
0.03069099
0.02768706
0.02392514
0.02095536
0.02620291
0.02658579
0.02699372
0.02619164
0.02237655
0.02110112
0.02196017
0.02419438
0.02448885
0.01995542
0.01784007
0.02058456
0.01797294
0.01951963
0.02141246
0.01927827
0.02364541
0.02006383
0.01642712
0.01669528
0.01370161
0.01260839
0.01170259
0.01169898
0.01029508
0.01142788
0.01402706
0.01341077
0.01262391
0.01200175
0.01360886
0.01552662
0.01223401
0.01296929
0.009004867
0.007918069
0.01050315
0.01159008
0.01206557
0.01527554
0.01731259
0.01533459
0.01268129
0.01082704
0.009549457
0.01022543
0.008905572
0.01287587
0.01036955
0.01115473
0.01014001
0.01080455
0.009547748
0.01203872
0.01200675
0.01274913
0.0135322
0.01625831
0.01889551
0.01852922
0.02260799
0.02227519
0.02127335
0.0201444
0.0175966
0.01950239
0.02050327
0.019632
0.01902738
0.01952228
0.02314647
0.01896462
0.02072381
0.01977848
0.01277801
0.01399193
0.01287093
0.01283835
0.01345174
0.0144516
0.01800585
0.01877641
0.01571836
0.01682613
0.01694148
0.01876645
0.0181479
0.02218766
0.01884422
0.02029598
0.02036138
0.01950517
0.01930981
0.02064115
0.02324801
0.02225268
0.02657246
0.03051858
0.02767999
0.02513303
0.02806227
0.0232339
0.02321307
0.01706278
0.01188052
0.01639659
0.0166678
0.01492775
0.01708082
0.02089282
0.02182126
0.02139187
0.02255785
0.01947705
0.02045098
0.02154782
0.02131949
0.01812647
0.01864806
0.01727774
0.0183217
0.01848597
0.01834263
0.02920338
0.02901347
0.03126621
0.03232149
0.02554273
0.02326911
0.02376717
0.02196779
0.02186072
0.01863866
0.02233064
0.02047975
0.02486751
0.01942919
0.02236753
0.02117048
0.02269993
0.02366914
0.02337462
0.02400902
0.02349152
0.02118049
0.02221186
0.0232282
0.02946976
0.03697061
0.03282527
0.03548269
0.04890643
0.04462104
0.03089554
0.03234978
0.03517907
0.03531613
0.04559938
0.05078691
0.04663227
0.0562561
0.05217663
0.04923835
0.04536756
0.04186645
0.03479151
0.03112212
0.02437967
0.02568584
0.02791893
0.03391658
0.03335576
0.0274969
0.02897525
0.02753238
0.02569939
0.02265842
0.02465257
0.02331
0.02247654
0.01887312
0.02057565
0.01655753
0.0188816
0.01653998
0.01772511
0.02002972
0.02027675
0.02593987
0.02972606
0.03193375
0.02868004
0.02836756
0.03235942
0.03362434
0.0273553
0.02604164
0.02368994
0.02459769
0.02445843
0.02062942
0.02079255
0.01961196
0.02992383
0.03510428
0.02927725
0.02449643
0.02610245
0.02940394
0.03271527
0.03135431
0.0344613
0.0341241
0.03247425
0.02997452
0.03876632
0.04118036
0.03731319
0.04248462
0.03987848
0.04190691
0.04281302
0.05279435
0.04884567
0.04232746
0.03988168
0.04513889
0.04192553
0.03720465
0.03248009
0.03368114
0.04406044
0.03886856
0.03953114
0.03724635
0.03763307
0.04078992
0.03243673
0.03696039
0.02945892
0.03537862
0.03064525
0.0330604
0.0322594
0.03252956
0.02455725
0.02359009
0.02215755
0.02482713
0.02047942
0.02130461
0.02027691
0.02512373
0.02966361
0.0278226
0.02704839
0.02461021
0.0250622
0.02270921
0.02052748
0.01917644
0.0177062
0.01756321
0.0140261
0.01419801
0.01388322
0.01141733
0.01555069
0.01378642
0.01328424
0.01406641
0.01429575
0.01572408
0.01956131
0.01629031
0.01783228
0.01553589
0.01332062
0.01102036
0.009332324
0.008836554
0.0122043
0.0144383
0.01301262
0.01229011
0.0119176
0.01108027
0.01364043
0.01463436
0.01658614
0.01734934
0.01707279
0.01604379
0.01819759
0.01909939
0.0194892
0.01789925
0.01876176
0.01856084
0.01812428
0.02182971
0.02065034
0.01732051
0.01879661
0.01872034
0.01649127
0.0181993
0.01809831
0.01656701
0.01603299
0.01291192
0.01380369
0.01192891
0.01269608
0.01415742
0.01349654
0.01424645
0.01467848
0.01414206
0.01719883
0.02184572
0.01776726
0.02156217
0.02119632
0.02263411
0.02651094
0.02413567
0.02359815
0.01879533
0.01940894
0.02072564
0.02629842
0.02845118
0.02429137
0.0193434
0.02628767
0.02791755
0.02859918
0.03850527
0.03630177
0.0339826
0.03619742
0.03200634
0.02784575
0.02730878
0.02872847
0.02884016
0.02927353
0.03694434
0.02801379
0.02739856
0.02113497
0.02051766
0.01758463
0.02188109
0.02410518
0.02601338
0.02503778
0.02310011
0.0202127
0.0214573
0.02603256
0.02351412
0.02173516
0.02409821
0.02474175
0.02400842
0.02352227
0.02428428
0.02391036
0.02349115
0.02091972
0.02449585
0.02437866
0.02138071
