1.577122
1.345566
1.441335
1.457471
1.765003
1.640299
1.269704
1.097373
1.227963
1.465042
1.98531
1.644279
1.109957
1.079825
1.022882
0.7328177
0.7031645
0.6251793
0.7158577
0.7339332
1.011659
0.9627528
1.033724
0.9197822
0.861107
1.05444
1.135653
1.114064
1.104108
0.9500162
0.7960514
0.8500703
0.9562288
1.01336
1.416381
1.114948
1.080662
1.182238
0.9094593
0.7097659
0.8496932
0.9278675
0.8601589
1.161231
1.706426
1.554846
0.9764265
0.98536
0.8965911
1.173238
0.9734244
1.136097
1.134865
0.917809
0.911253
0.9312183
0.918736
1.139013
0.9942013
0.9038729
1.179158
1.241217
1.279156
1.165422
1.185896
0.97703
1.019032
0.8628677
0.893389
0.6792342
0.789795
0.8151779
0.8676481
0.8626187
0.6630261
0.6384329
0.6368006
0.6673434
0.6119267
0.8346493
0.7966583
0.9682021
0.905685
0.8448231
0.7614219
0.9375037
1.19689
1.004059
0.7896512
0.843166
0.6967421
0.7830145
0.975701
0.9893133
0.784289
0.8359411
0.6605453
0.5960573
0.6787552
0.8923178
1.070378
1.315219
0.9081729
0.8955055
0.890915
0.5326248
0.4738271
0.6335148
0.8756894
0.9284003
0.9660704
0.8378017
1.150416
0.9145651
1.060507
1.376316
1.739445
1.917177
2.117718
1.615181
1.532752
1.849464
1.653147
1.85979
1.892858
1.862225
2.018047
1.764749
2.192991
1.243364
0.9036607
0.9059825
0.7254766
0.6351722
0.7245011
0.7955032
0.7549657
0.8278729
1.056038
1.258781
1.043019
1.002928
1.004382
1.302789
1.065072
0.8807384
1.207139
1.13449
1.146573
1.11621
1.084439
0.837465
0.9525034
1.024516
1.149267
1.092184
0.8612951
1.065055
0.8595317
1.133304
1.262079
1.357728
1.361954
1.577621
1.112774
0.9536737
0.9062087
0.941225
0.5326504
0.6548766
0.5353508
0.551288
0.6031491
0.7037049
0.6459515
0.6404753
0.5725832
0.8104889
0.9422499
0.855841
0.6535368
0.8484802
0.8783591
0.8947909
1.00186
1.163806
1.369831
1.427222
1.450141
1.732984
1.439556
1.344219
1.073777
1.225638
1.188058
0.9709941
1.249698
1.115547
1.218608
1.433361
1.094419
0.845388
0.7634133
0.7303179
0.5444625
0.6377075
0.7135659
0.8310736
0.7447255
0.8908758
0.9982667
0.8352356
0.9817965
1.116007
1.36096
1.231368
1.046197
1.192615
1.324285
1.323317
1.301634
1.045613
0.7731751
1.062451
0.6956232
0.7974305
1.026421
0.9878096
0.7218587
0.9861958
0.9926984
1.079603
1.080518
0.8724277
0.7867349
0.8763572
0.9620871
0.9949861
0.7445539
0.934128
0.7838076
0.9312356
0.9658725
0.9312125
1.210523
1.069369
1.086734
1.068033
1.048603
0.9802744
1.026225
0.7656253
0.7047098
0.8558914
0.8226552
0.6725895
0.6436228
0.5859257
0.4493247
0.5222282
0.6511335
1.100153
1.465332
1.612132
1.329244
1.360515
1.149082
1.488431
1.662084
1.427117
0.9739518
0.8928276
1.064681
1.255309
1.476161
1.742941
1.49912
1.421644
1.284666
1.067069
1.192016
1.198416
1.209063
1.369201
1.180896
0.8893167
0.9330933
1.094062
1.04241
0.9644909
0.6407189
0.5871297
0.5799051
0.6457681
0.8657118
0.7472857
0.6103157
0.6645801
0.5584103
0.639138
0.5520421
0.4476222
0.5094315
0.7391976
0.8285681
1.094168
1.299619
0.9761087
0.9529165
0.7035945
1.001964
0.7563437
0.7186601
0.655665
1.168634
1.133676
1.117557
0.8738115
1.133961
1.066739
1.342168
0.996405
1.012799
1.118639
1.321972
1.395182
1.013167
0.8278357
0.7116702
0.4075261
0.4730722
0.5563936
0.4939828
0.4739048
0.3917025
0.4412843
0.4617953
0.5888686
0.7461711
0.7366554
0.8923188
0.9430819
0.8312452
1.000447
0.8288364
0.8552083
0.9948694
1.190357
1.332087
1.026284
0.9716265
1.074275
0.8600011
0.8144958
0.994435
1.247088
1.175962
1.145831
1.051089
1.115773
1.391802
1.228848
0.9339531
1.066248
1.397705
1.241802
0.8541332
0.8655019
0.9936551
0.9910133
0.7939682
1.009353
1.08544
0.6849205
0.9926512
0.9577899
1.083788
1.182807
1.150524
1.15027
1.567988
1.438202
1.420247
1.568342
1.646771
1.72254
1.813153
1.984852
1.328432
1.327974
1.824391
1.584856
1.9163
1.280175
1.510269
1.706227
1.582938
1.275412
1.454809
1.061445
1.274774
1.031481
0.8390837
0.9283093
0.9446509
0.9799669
0.9880809
0.839474
0.7842436
0.8360733
1.149886
1.310133
1.298962
1.537348
0.9674186
0.8493534
0.8060912
0.7566848
0.7273539
0.6331284
0.6507211
1.035577
1.146539
1.159973
1.435811
0.8675982
0.9691933
0.7148447
0.7209462
0.8720847
0.8736044
1.082858
1.02907
0.7830132
1.054773
0.9063937
0.8096464
0.7184304
0.56312
0.6585082
0.9238445
0.9168749
0.7733264
0.8470167
0.7929548
0.7220171
0.530097
0.5442896
0.7435245
0.5589806
0.5442322
0.5518695
0.5849364
0.6542609
0.7138137
0.5621785
0.581089
0.5595444
0.706664
0.7086873
0.7570133
0.764504
0.6031731
0.8257135
0.8514711
0.9701655
0.7172268
0.8245352
0.773342
0.7806895
0.7863716
1.028445
1.122924
0.9090858
0.8720808
0.8784012
0.9862685
1.081019
0.8941751
0.8564968
0.9424649
1.085173
1.177459
1.788209
1.25663
1.191239
1.161917
1.080763
1.208202
1.255628
0.8755007
0.6921291
0.7019936
0.612076
0.6151447
0.6820108
0.8430419
0.779023
0.7195539
0.7849154
0.7974531
0.766817
0.7807337
0.5870004
0.516941
0.5857334
0.5870658
0.5910756
0.8290551
0.9063345
1.047889
0.901664
0.8522723
0.9298835
0.9894826
0.9051428
0.9959866
0.8964188
0.8985029
0.7997747
0.8716207
1.042452
1.266881
1.293893
1.131564
1.010781
0.8290021
0.9220801
1.335871
1.24061
0.875627
0.8596236
0.5232043
0.7237607
0.8990645
0.661262
0.7543697
0.5301369
0.5448518
0.6035315
0.9209592
1.085593
1.321357
1.247799
0.9965649
1.156744
1.436247
1.462845
0.9577976
0.9315725
1.129623
1.021547
0.8811816
0.7117748
0.7534516
0.6745488
0.5905585
0.6674404
0.7054582
0.8382188
0.9346039
1.337579
1.75965
1.079701
1.091692
1.214624
1.289096
0.9832369
0.9430381
0.8821822
0.6811929
0.699552
0.9258661
0.8636729
0.6017771
1.032055
1.04199
1.092945
1.356597
1.819722
1.767388
1.327714
1.118753
1.078151
1.290594
1.506794
1.64802
1.227106
1.009734
0.9697645
0.8670934
1.017098
1.231154
1.348332
1.44323
1.197484
0.9671059
0.8920764
1.081167
1.111201
1.13688
1.418605
1.333613
1.018925
1.135241
1.117542
0.7763941
0.6941765
0.7433176
1.07071
1.061773
1.048348
0.9164632
0.9778141
1.016559
1.023381
1.130108
0.9409802
0.8775167
1.01696
1.066502
1.402275
1.122515
0.9259668
0.9947026
1.109459
1.305898
1.09318
1.444521
1.179336
1.31707
1.264684
1.176725
0.9081651
0.8123054
0.6257869
0.6176697
0.465071
0.4740982
0.5555729
0.6153634
0.7479668
1.010768
0.9635189
1.169415
1.346813
1.58988
1.546816
1.488888
1.512125
1.341401
1.192483
1.303402
1.462016
1.256258
1.471133
1.335841
1.361632
1.445024
1.04608
1.36122
1.210536
1.105861
0.8014728
0.7169186
0.7496108
1.026864
1.122405
1.615281
1.795802
2.058073
1.457174
1.302962
1.358672
1.362533
1.477934
1.440287
1.181291
0.7689525
0.7199731
0.7040349
0.8981471
0.8237297
0.9802038
0.9809913
0.8636898
0.7445858
0.7789567
0.6768855
0.5317853
0.661246
0.6300488
0.8071387
0.706379
0.8667552
0.8971761
1.0166
1.109903
1.059513
0.8160246
0.9634369
1.019622
0.9612673
0.7487496
1.525771
1.491695
1.811051
2.061692
1.411849
1.254855
1.6419
1.211637
1.116951
1.007385
1.027298
1.243805
1.466098
1.164298
1.224643
1.06751
1.016261
0.8248158
0.6262046
0.6823017
0.7001369
0.6069327
0.709296
0.7000427
0.8245507
1.096818
0.8832876
0.8572625
0.9019307
1.026539
1.034147
0.8571984
1.134531
1.122842
0.9892881
0.9728326
0.9542165
0.8399959
0.8331361
0.8881885
0.8816013
0.7075027
0.7123686
0.5943147
0.4462276
0.7294404
0.7537119
0.761679
0.7737606
0.7817922
0.8143976
0.8717129
0.7274342
0.5963823
0.5859723
0.580637
0.6540551
0.5435563
0.4590136
0.6468784
0.5803926
0.5322158
0.4834709
0.6562101
0.5981201
0.6577189
0.4568364
0.7414138
0.6864812
0.9158246
0.9373681
1.083611
0.9751274
0.9602138
0.731801
0.9111537
1.034315
1.428071
1.502913
1.387681
1.232231
1.320008
1.258788
1.208009
0.8949828
0.6986654
0.8335077
0.8945627
0.9943459
1.292607
1.025672
1.133887
1.148475
1.068677
1.190758
0.9496244
1.197023
1.012096
1.065586
1.496586
1.436768
1.494263
1.206226
1.17635
1.160481
1.151625
1.176061
1.157788
1.041572
0.9742214
0.8758202
0.7984636
0.6261019
0.7209834
0.6276266
0.5793702
0.9952287
1.191034
1.644983
1.355484
1.361128
1.113386
1.328109
1.202065
1.322421
0.9939803
1.162451
1.315129
1.026247
1.144719
0.9218099
0.7265682
0.7870033
0.6149409
0.5663565
0.4797871
0.4201039
0.406304
0.4837727
0.6729467
0.5778817
0.8139099
0.6285876
0.6261264
0.4552959
0.4978722
0.808976
0.9378116
0.7397308
0.8359305
0.8776413
0.5746289
0.5923887
0.7843151
0.9251442
0.8639064
0.9858937
0.9174726
0.8242509
0.7772159
0.8490792
1.02587
0.8582259
1.058512
0.7689276
0.7165995
0.7364082
0.5006186
0.4962324
0.3639704
0.2823021
0.3078425
0.3696173
0.3323561
0.4596583
0.7238521
0.7976787
1.065619
0.8398211
0.7106409
0.916875
0.9875865
0.7793445
0.8075243
1.230931
1.422568
1.402431
1.247819
0.9754191
0.8655779
0.5727877
0.8094027
1.439433
1.839913
1.347914
1.173094
1.327407
1.072391
1.398812
0.9894451
0.9104997
1.029333
1.311651
1.301611
1.564505
1.82575
1.547499
1.36598
0.9059923
1.208527
1.008621
1.115692
1.07721
0.8301
0.9351254
0.85036
0.8657669
0.8821765
1.159894
0.8743364
0.8839615
0.6272765
0.5927893
0.6254258
0.6351882
0.6196679
0.7159579
0.7274356
0.9245743
0.8073042
0.8832903
0.7357537
0.6947244
0.75321
0.8046158
0.8461465
1.000247
0.7459041
0.9684525
1.212006
1.411309
1.179113
1.313381
1.383079
1.870726
1.515135
1.198354
1.404895
1.368313
1.222354
1.12969
1.0202
1.024524
1.144488
1.107875
0.8326179
0.9716478
0.9992304
1.133346
1.145729
1.655716
1.75555
1.150242
1.405698
1.349206
1.242714
1.760171
1.589562
1.365016
1.059184
1.153553
1.268029
1.61699
1.250447
0.9137396
0.707295
0.644994
0.6870339
0.8257284
0.9188393
0.9190933
0.7377261
0.6386089
0.753809
0.9067259
0.913185
1.202488
1.178233
1.342944
0.9531028
1.146887
1.036006
1.588011
1.487591
1.668747
1.32096
1.247462
1.557231
1.758912
1.143754
0.9886569
0.6742464
0.6823799
0.6686956
0.8200973
0.8026003
0.7896788
0.8246858
1.002984
1.239112
0.8020993
0.733643
0.6550889
0.5388035
0.451153
0.6733519
0.7323511
0.483931
0.4635433
0.4024542
0.5387249
0.7912605
0.6110955
0.7511133
0.93638
1.076201
1.013834
1.180039
0.8297642
0.7084577
0.5960667
0.5711751
0.5668514
0.4741893
0.4517725
0.6980801
0.612929
0.6024483
0.5309568
0.5624545
0.510874
0.485128
0.5841911
0.5858583
0.8768319
0.7422387
1.22471
1.2909
1.467539
1.247532
1.091233
0.9978234
0.9248526
1.122171
1.059687
1.310158
1.024871
1.164352
1.303717
1.422001
1.0939
1.476858
1.415362
1.346855
1.794756
1.303152
1.285256
1.235392
1.122654
1.417927
1.283336
1.1076
1.023176
1.357048
1.471681
1.512463
1.158073
1.39507
0.9584593
0.8510877
0.8005471
0.7869262
0.7144527
0.6843925
0.5434018
0.8454123
0.8885456
0.7462457
0.5619402
0.6254566
1.004689
0.7962959
0.9081226
1.21951
1.712156
1.396124
1.583744
1.773877
1.852693
1.742667
1.494422
0.9945043
0.939933
1.204305
1.335032
0.6839106
0.8681211
0.852123
0.7546638
0.8216258
0.6047197
0.678378
0.5306519
0.6843422
0.7049033
0.5838902
0.6725322
0.4781789
0.5541301
0.549641
0.5998979
0.9019403
0.9678405
0.9658374
0.9085776
1.272375
1.304503
1.196119
1.130534
1.295297
1.268969
0.9007459
0.7264578
0.7907278
0.8862042
0.6871235
0.7521616
0.9103997
0.8994549
0.9973134
1.112447
1.281675
1.459562
1.384949
1.223932
0.9391551
0.9365851
1.031769
0.8534759
0.8978718
0.8784489
1.038536
1.437699
1.291489
1.062982
1.212873
1.056008
1.128904
1.075202
1.035509
0.9636638
0.8607731
0.9281928
1.090778
1.210312
1.554549
1.324139
0.9397682
0.9762881
0.792389
0.7189782
0.7739082
0.861909
0.7976708
0.7685081
0.74766
0.663891
0.5882738
0.6357049
0.775222
0.6013842
0.6107554
0.6264549
0.6859886
0.7217259
0.6805594
0.6161361
0.6522069
0.6943891
0.7835781
0.8399406
0.7121052
0.9669306
0.8500119
1.158829
1.038809
1.124925
1.170683
1.041946
1.248361
1.469704
1.541389
1.157149
1.414852
1.141533
1.72052
1.883921
2.069194
1.333212
1.70782
1.652891
1.279083
1.399894
1.287871
1.596124
1.287711
1.061563
0.908077
0.7244219
0.6932888
0.6001539
0.8080249
0.889837
0.8592949
0.9680509
0.8669094
1.003834
0.9077898
1.001323
0.8835365
0.905584
1.039478
0.9585164
1.08839
1.139203
0.8563402
0.9023925
0.8685846
0.879404
0.8079129
0.7095064
0.6031285
0.6856965
0.5570736
0.614763
1.040496
0.7954655
1.135947
1.176097
1.300562
0.7715504
0.7601352
0.8692063
0.8657254
0.5924688
0.5811342
0.5551544
0.6491952
0.7955823
0.4938977
0.6700434
0.7562279
1.265684
1.133311
1.142772
1.026072
1.171669
1.087258
0.9915273
0.9100738
1.094732
1.087178
1.576804
1.058624
0.8759443
0.6932972
0.7615919
0.8412555
0.8796719
0.8031566
0.646684
0.6467106
0.6859641
0.5760224
0.7703982
0.5996701
0.4989385
0.5893169
0.5321438
0.6295705
0.9896764
0.9272593
1.027512
0.7817784
0.6957445
1.070883
0.8670982
0.9606054
0.7548335
0.6454446
0.604
0.674894
0.630072
0.4729138
0.6930417
0.7188742
0.7253031
0.8759922
0.8614446
0.8667755
1.029595
1.352283
1.130485
0.8338204
1.020024
0.9341413
0.838843
0.6413351
0.7284839
0.7832993
0.7179814
1.100396
1.085786
1.084908
1.090565
0.9154856
1.010146
0.9868463
1.06404
1.080769
1.164959
1.389769
1.233287
1.08526
0.9839015
0.7788487
0.7677068
0.7465161
0.7977438
0.9408951
1.086817
0.9833516
1.238058
1.596059
1.798517
1.561481
1.491469
0.8750335
0.9009078
0.9823689
1.030902
0.9749811
0.7850565
0.7448044
0.8773412
1.17388
1.035015
0.9403962
0.8685013
0.8509579
0.8605463
0.8494909
0.8977128
0.9473611
0.7141638
1.101919
1.105321
1.239846
1.167303
1.127038
0.873876
1.408379
1.692331
1.252557
1.369867
1.450464
1.057871
1.122634
1.201294
0.7008104
0.6820014
0.8448392
0.895934
1.274539
1.328168
0.9440347
0.8816013
0.8411258
0.6969056
0.6834979
0.8627059
0.8945125
0.6502968
0.7743395
0.8200768
0.7304374
0.8767253
0.9837406
1.068119
0.7626397
0.7588401
0.5816722
0.645797
0.6457384
0.7180546
0.9540941
0.9889288
1.247469
1.119529
1.163595
0.9918969
0.969653
1.118567
1.350072
1.061748
1.50729
1.293055
1.183194
1.349128
1.23738
1.062277
0.8718161
0.9537989
1.103747
1.176618
1.043828
1.626592
1.850596
1.315829
1.002022
1.05198
0.9579544
0.7955913
0.4921583
0.5778652
0.5879449
0.7316417
0.8627626
0.8239192
1.064459
0.9601093
0.9526968
0.8133227
1.031
1.192532
1.464494
1.378406
1.104855
0.8427185
0.6927278
0.677151
1.0077
1.001536
0.9292811
0.8923462
0.7544802
0.840208
0.515878
0.6033973
0.5181474
0.7948588
1.00891
1.055281
0.8339949
0.9673879
1.308592
1.417253
1.438063
1.667162
1.579184
1.558062
1.127037
1.576306
1.29892
1.084445
1.356057
1.440125
1.602314
1.657874
1.688285
1.852405
1.760534
0.814504
0.648723
0.8373592
0.9530336
0.6675253
0.614778
0.5207787
0.7175499
0.7018299
0.6557626
0.6449928
0.5895793
0.5385006
0.4588279
0.5991672
0.5815418
0.7783394
0.7753848
0.7339424
0.8793166
1.045985
0.8189844
0.7615789
0.7143001
0.7799602
0.7225734
0.8615106
1.317004
1.14065
0.8498723
0.7657298
0.6061848
0.7216579
0.734704
0.8253186
0.8294837
1.219231
1.256758
0.8625818
0.8817122
0.8440202
1.079364
1.16446
1.248335
1.093026
0.9730202
0.9966125
1.189017
0.9988272
0.8831198
0.9729676
0.7550749
0.7487536
0.8691823
0.8617501
0.982321
1.068557
1.206052
1.20838
0.8231838
0.7182271
0.8533342
0.7289226
0.8058953
1.211069
1.219097
0.9146561
0.8881559
0.559207
0.4799419
0.5467636
0.5565926
0.6729778
0.8945313
0.8005518
0.9760444
0.6701942
0.6347122
0.7211813
0.9141854
0.9114987
0.9840133
0.6786732
0.4642791
0.5162644
0.4847196
0.7898453
0.8090921
0.7824345
0.852472
0.7295591
0.7334431
0.780149
0.5834488
0.5855847
0.7566199
0.709693
0.709542
0.6463264
0.6270112
0.7032981
0.8647831
0.5883123
0.4685365
0.5820935
0.8215772
0.7681886
0.714131
0.7125955
0.6883737
0.9016848
1.130681
1.220735
1.452737
1.439335
1.770449
1.461473
1.193814
1.040305
0.9318471
0.9459192
0.9704769
0.7840355
0.5866413
0.6964917
0.7197655
0.755192
0.7101624
0.928738
0.7858855
0.9751504
1.342721
1.316161
1.156916
1.257907
0.9919855
0.6322927
0.6539476
0.7183689
0.8455371
0.8591129
0.8654521
0.9301791
1.198701
0.9453821
1.005828
1.001302
0.8679539
1.071074
1.402532
1.43906
1.150681
0.7739819
1.04072
0.9968805
0.9325645
0.8252617
0.7389326
0.8797113
0.7139754
0.7126836
0.6701195
0.6401526
0.8422705
1.075933
0.9013777
0.8186837
0.9675597
1.047177
1.077257
1.269019
1.498725
1.62956
1.20851
1.160682
0.7707963
0.8686605
0.871966
0.9801055
0.8727896
0.8453988
0.8819559
1.02692
1.03352
0.7903669
0.6262482
0.7651584
0.8096114
0.8764965
0.8900227
0.5853114
0.5318623
0.5739812
0.597425
0.6086601
0.660323
0.8210605
0.8783036
0.9526323
0.6674351
0.483015
0.6447287
0.63726
0.6936391
0.9123182
0.9481453
1.027046
0.9700465
0.9869531
0.8068862
0.7621447
0.7250152
0.5380808
0.5228563
0.488881
0.5760749
0.5323736
0.8218048
0.7331842
0.7511944
0.8746576
1.011272
1.285764
1.129198
1.37701
1.855254
1.320095
0.8962625
0.9720108
1.103194
0.6760915
0.7093754
0.94174
1.083629
1.221131
0.9067922
0.8559268
0.8866772
0.9747861
0.9620952
0.8042861
0.8028217
0.723395
0.7200447
0.5113245
0.5142233
0.5196505
0.4301774
0.4877707
0.637258
0.7012924
0.8133972
0.7827529
0.626638
0.6170469
0.8087701
0.6962526
0.8338247
0.8907882
0.8870436
1.184632
1.263067
1.34621
0.8985806
1.044762
0.9023634
0.8663471
0.6975789
0.9379192
0.8440491
0.9083834
0.825793
1.13874
1.193514
1.061629
1.15688
0.8063398
0.6637908
0.5017416
0.4701858
0.412673
0.7924042
0.8183767
0.9397667
0.8740351
0.9842971
1.051192
0.9204981
1.393969
1.01261
1.031451
1.052573
0.8550693
0.8733172
1.203612
1.131435
0.822117
0.9909419
1.032202
1.133971
1.022642
0.8731345
1.142518
1.018705
1.149469
0.9718145
0.9955573
0.8985973
1.043952
0.9559601
0.8808263
0.844659
0.6769279
0.76426
0.7311725
0.849531
0.8769584
0.8722958
0.8730296
0.9854326
0.8571935
0.661486
0.6746698
0.8105913
0.7737102
0.6326644
0.6213257
0.4684284
0.5488693
0.5735022
0.6717265
0.8335728
0.7770215
0.7231698
0.9641718
0.8323438
0.8345669
0.9761305
0.7034024
0.7604613
0.5940693
0.6405664
0.6359991
0.6982089
0.7978716
0.7316557
0.9280948
0.654552
0.6327314
0.7636928
0.7441383
0.8152167
0.9517266
0.9384006
0.7976982
0.9868536
1.06942
0.8166632
0.7727546
0.6290241
0.6460577
0.7948589
0.9132532
0.9144579
1.122318
1.361565
1.092287
1.358451
1.117258
1.017644
1.086819
1.078798
1.148315
1.111334
0.9520129
0.8906202
0.6941512
0.7888539
1.047637
0.9287239
1.03707
0.9402186
1.615066
1.884505
2.014698
1.768258
1.648421
1.973593
1.79376
1.900804
1.781135
1.717205
1.55376
1.781935
1.501028
1.465226
1.303016
1.907984
2.344845
1.312229
1.192668
1.788299
1.729288
1.602551
1.308441
1.180309
1.642074
1.335386
1.616595
1.594613
1.67381
1.922298
1.624159
2.293115
2.194992
1.447013
1.211897
1.02223
1.037152
0.8945636
0.8195787
0.5737623
0.5737709
0.3970641
0.5470249
0.5833432
0.4831238
0.6465717
0.5248
0.6216561
0.91723
0.7534999
1.131944
0.7841947
0.6492286
0.442743
0.6069363
0.7825314
0.9269883
0.9560273
1.018688
1.17692
1.077562
0.9945609
0.8892944
1.282512
0.9733369
0.9545749
1.155033
1.118177
0.8489857
0.9618132
0.8772278
0.9813306
0.708385
0.7371853
0.9255135
1.061108
1.280602
1.370907
1.153601
1.139974
1.159898
1.199729
1.195776
1.066507
0.9055513
0.9548923
0.9531434
0.844245
1.020893
0.9187914
1.195208
1.086758
1.214088
0.9112512
0.790466
0.9343422
0.8359945
0.6738446
0.7857108
0.7698633
0.6664057
0.6359142
0.6266075
0.6583317
0.9012275
0.825695
0.8127022
0.8889657
0.8824038
0.8866705
0.9111022
0.71309
0.5786845
0.6290349
0.6775029
0.9003371
1.375065
1.375302
1.267914
1.354027
1.356479
1.478946
1.277912
1.149002
0.9590525
1.142101
1.316501
1.236566
1.021289
1.063552
0.8478787
0.824875
