<<<<<<< HEAD
7.581127
7.634956
7.411414
7.472659
7.632303
7.354792
7.243738
6.976348
6.842258
6.72451
6.758734
6.947548
7.065855
7.037446
6.954784
7.227696
6.819624
6.678479
6.591871
6.551019
6.753793
6.664216
6.923484
6.282003
5.725678
5.866374
5.880862
6.346559
6.123934
6.01493
6.554315
6.262621
6.009561
6.196688
6.044155
5.828563
5.861486
6.088159
5.982846
5.57362
5.375027
5.259374
5.284616
5.497317
5.456042
5.771026
6.11788
6.17233
5.948186
6.327191
6.388793
6.496914
6.681427
6.737874
6.787768
6.712759
7.056726
6.85608
7.181646
6.727
6.679262
6.629619
6.745959
6.778522
6.78586
6.755311
7.150301
6.892004
7.281402
7.032734
6.933121
7.1096
6.867501
6.865891
6.854736
6.806248
6.726722
6.701809
7.14421
7.846554
8.077003
7.772545
7.581082
6.969268
6.772787
6.682957
6.970447
7.006882
7.260478
7.354332
7.174424
6.800528
7.418946
7.831052
8.209344
7.972744
8.180266
8.214476
8.366908
8.314125
8.666272
8.558371
8.437284
8.227211
8.610952
8.358584
8.470084
8.155707
7.848111
7.496186
7.791166
7.640676
7.67633
7.835423
7.882472
7.789897
7.842252
8.071162
8.197139
8.445262
8.247436
8.268423
8.409873
8.286237
8.208829
8.230676
7.948905
8.144247
7.71662
7.704948
7.791572
7.552869
7.539039
7.24037
7.080442
7.314717
7.023206
6.628144
6.496366
6.964188
7.329991
6.950126
7.308355
7.140194
7.244281
6.864109
7.04318
6.853894
6.670286
6.673607
6.808586
6.468398
6.189164
5.899874
5.756751
5.989734
5.818399
5.640905
5.479719
5.351111
5.582123
5.423182
5.544486
5.37524
5.197761
5.280916
5.644653
5.111616
4.995787
4.863042
4.813564
5.279715
5.472962
5.48608
5.006012
4.974021
5.541004
5.60348
5.315066
5.244798
5.559629
5.794532
5.768367
5.827656
6.083243
6.234935
6.508537
6.666615
6.757911
6.91142
7.033183
7.103982
7.494164
7.980768
8.140623
8.224753
7.92144
7.801149
7.632489
7.353591
7.661871
7.540242
7.468235
7.488191
7.449151
7.140083
7.514297
8.04767
8.149448
7.954605
8.091245
7.933389
7.79169
8.194519
8.430611
8.587512
8.784916
9.01903
8.781628
8.354238
8.667177
9.007114
8.721043
8.744338
8.791287
9.004766
8.636899
8.90811
8.983784
8.593355
8.354624
8.396569
8.245832
8.152474
7.8844
7.954919
7.970016
8.376129
8.563183
8.433297
8.140538
8.071409
7.550668
7.940719
7.503677
7.499672
7.658533
7.291221
6.91027
6.741026
6.574209
6.171272
6.453297
6.865027
6.897635
7.004126
7.272168
7.274828
7.532387
7.922928
7.670411
7.895569
7.903919
7.913772
7.638573
7.626995
7.887546
8.144607
8.372223
8.142551
8.242715
8.35926
8.452345
8.44305
8.689773
8.546047
8.504823
8.284139
8.319522
8.179142
8.351962
8.312585
8.316777
8.347205
8.133935
8.126493
8.549782
8.728442
8.578589
8.270881
8.094881
8.130216
8.342684
8.207379
8.230286
8.070967
8.240652
7.90175
7.979408
8.071805
8.127555
8.231552
7.626747
7.722101
8.063534
8.12042
7.872087
8.058418
7.751192
7.982341
8.098656
7.864974
7.891754
8.192754
8.093542
7.855549
7.474358
7.554973
6.87145
6.877152
7.171832
7.400887
7.997331
7.87545
7.897501
8.195865
8.409138
8.417125
8.398557
8.906861
9.072218
8.99126
9.209144
8.78372
8.913333
8.998794
8.921293
9.401923
9.411788
9.31898
9.02286
8.846704
8.849541
8.517323
8.413106
8.562694
8.565472
8.268445
8.32906
8.272655
8.114348
8.008627
8.180213
8.337288
7.837433
7.817176
7.815047
7.61746
7.558171
7.457919
7.51149
7.760718
7.999911
7.739243
7.38315
7.497662
7.106902
6.801533
6.654618
6.601082
6.491766
6.28305
6.517708
6.451989
6.646828
6.456309
6.455269
6.214055
6.128076
6.15845
6.019585
6.035589
5.801189
6.050789
6.065693
5.859088
5.910122
5.549482
5.960313
6.467745
6.756683
6.798088
7.076551
7.056359
7.062828
7.326012
7.017794
6.792254
7.057159
7.381191
7.590638
7.554759
7.410532
7.78646
7.649014
7.604077
7.651964
7.542218
7.346555
7.424544
7.360797
7.446311
7.56303
7.613015
7.501028
7.207589
7.304305
7.785469
8.173017
8.514101
8.260024
8.252267
8.072692
8.231842
7.989112
8.1063
8.060946
7.99912
7.914296
8.517723
8.163156
8.137038
8.18514
8.08455
7.988929
7.388017
7.454628
7.883603
8.247955
8.392346
8.450233
8.541572
8.15659
8.036301
7.861713
8.36164
8.452242
8.906486
8.73912
9.0391
9.558476
9.544649
9.461528
9.257931
9.025467
8.882045
8.811482
8.574282
8.518708
8.036349
7.589217
7.59879
7.793834
7.470051
7.430797
7.541789
7.702355
7.86775
7.746913
7.678717
7.657001
7.976858
7.929722
7.50057
7.215131
6.864292
6.922028
6.89889
6.528589
6.383986
6.513684
6.407909
6.139697
6.169692
6.267205
6.41966
6.746457
7.030825
6.879717
6.859112
7.211961
6.870476
6.499209
5.999331
6.319995
6.356147
6.407737
6.19391
6.050135
5.758686
5.820615
6.104162
6.275137
6.131341
6.007484
6.68657
6.897116
6.904793
6.991821
7.267551
7.473371
7.203332
6.974346
7.067434
7.000386
6.720174
6.695111
6.841225
6.791269
6.895569
6.525858
6.076255
6.007247
5.900345
6.271696
6.388699
6.174924
6.43576
6.411174
6.614731
6.525552
6.872092
6.681862
6.614886
6.625278
6.696515
6.448229
6.432493
6.585264
6.902896
6.951425
6.680358
6.973632
6.581739
6.566409
6.947878
6.745812
6.896734
6.871689
6.791697
7.375349
7.439582
7.59368
7.333772
7.095982
7.138274
6.6253
6.394922
6.686843
6.511999
6.248146
6.504594
6.855887
7.184986
7.275768
7.500153
7.534824
8.177815
8.315133
8.502955
8.69417
8.644901
8.883627
8.888873
8.884199
9.041322
9.076138
9.100153
8.943129
8.784177
8.711422
8.644246
8.683279
8.446132
8.262649
8.43081
7.879368
7.578632
7.505569
7.955985
7.912658
7.733714
7.762201
7.754858
7.701216
7.804274
7.453456
7.879512
7.776045
7.581862
7.598169
7.719622
7.588027
7.70969
7.758823
7.583897
7.88177
7.774721
7.286944
7.590039
7.496887
7.416341
7.097644
7.027765
7.267423
7.218532
7.417458
7.52945
7.360231
7.441111
7.170205
7.484148
7.399345
7.252499
7.103347
7.419895
7.541806
7.838249
7.94457
8.083317
8.107375
8.169221
7.735779
7.50926
7.407571
7.401534
7.123214
6.895536
7.064944
6.933947
7.073531
7.261204
7.068529
7.054783
7.054586
7.460296
7.342022
7.291413
7.656409
7.398838
7.883521
7.704225
7.712321
7.445439
7.612709
7.825179
7.523874
7.335333
7.127214
7.175818
7.020874
7.233697
7.224146
7.303204
7.901464
8.205244
8.457434
8.0281
7.662021
7.579281
7.269016
7.552867
7.657544
7.455813
7.379396
7.580803
7.300544
7.300505
7.285011
7.17194
6.890555
6.685666
6.520747
6.541615
6.574897
6.784616
6.456388
6.658224
6.674434
6.311898
6.455138
6.581773
7.097068
6.980577
7.184137
6.990006
6.967739
7.001256
6.892293
6.979237
7.103706
7.223136
7.51104
7.604785
7.809428
7.609026
7.759947
7.797217
7.765199
7.435255
7.757518
7.927351
7.817813
7.870981
7.865411
7.63768
8.072031
8.149703
8.302282
8.403137
7.806391
8.09787
8.265766
7.954261
8.151647
8.00046
7.983673
7.980576
8.062007
7.959366
8.089112
8.174422
8.08433
8.252135
8.200341
8.279712
8.448902
8.642701
8.363009
8.544712
8.648069
8.558477
8.60574
8.794169
8.637867
8.262023
8.225107
8.346835
8.722987
8.469464
8.276128
8.352409
7.911105
8.096696
7.939513
8.06311
8.064068
7.892181
8.245363
8.581586
8.63781
8.365454
8.574403
8.875823
8.719975
8.51403
9.309281
9.120657
8.99168
9.165761
9.250964
8.980013
9.161059
9.13133
9.554007
9.72351
9.873175
10.07149
10.17843
10.60598
10.42241
10.07748
9.614526
9.640387
9.695239
9.793275
9.388244
9.849567
9.225566
9.113968
9.382678
9.124367
9.342963
9.268064
9.283764
9.19962
8.936018
8.998001
9.103062
9.327455
9.407195
9.521358
9.809712
9.862653
10.55116
10.2321
10.17705
10.073
9.90409
10.327
10.32803
10.70097
11.0325
10.91893
10.99239
10.86829
10.49205
10.4727
10.65927
10.58075
10.38484
9.858041
9.821382
9.79176
9.771841
9.749295
9.847421
10.09958
9.914877
9.863062
9.511015
8.945768
9.186408
9.114013
9.036099
8.872737
8.602201
8.216195
8.306532
8.589045
8.485526
8.402086
8.483991
8.819283
8.50635
8.252072
8.208511
8.357055
8.119573
8.221519
8.087209
7.927584
7.579785
7.179599
7.346608
7.275118
7.185498
7.046514
6.876843
6.995896
7.123108
6.736847
6.655588
6.489142
6.392134
6.602778
6.480961
6.129531
6.046568
5.81157
5.859469
5.59578
5.452011
5.299163
5.069137
5.135102
5.073746
5.322177
5.525554
5.838687
5.729293
6.2873
6.338341
6.58616
6.500135
6.199543
6.291227
6.209396
6.213704
6.361475
6.12234
5.978113
6.109865
5.8388
5.906729
6.039044
6.587603
6.142147
6.454931
6.263656
6.329874
6.379726
6.162917
6.000857
6.377441
6.695857
6.889761
7.080955
7.568126
7.529883
7.487675
7.585823
7.547648
7.897311
8.247649
8.153897
8.039299
8.039636
8.192578
8.492834
8.701445
8.858936
8.716008
8.873041
8.730757
8.693264
8.961442
8.927578
9.151908
9.460341
9.159708
9.393796
9.861591
9.842746
9.76798
9.495179
9.165241
9.251564
9.13859
9.039175
9.12437
8.995582
8.799664
8.952955
9.178777
9.531708
9.545294
9.726516
9.748026
9.787604
9.604329
9.113815
9.206651
9.246251
9.260812
8.808972
9.006993
8.773277
8.66711
9.05662
9.080628
8.854186
8.466612
8.730228
8.299365
8.571889
8.807367
8.979624
9.281355
9.11165
8.822664
8.867857
9.544536
9.392873
9.137547
9.099958
8.986644
8.769067
8.722932
8.696848
8.844126
8.770658
8.54625
8.522014
8.437701
8.407427
8.629699
9.015307
8.676641
8.529962
8.826082
8.192846
8.109535
8.20918
7.827137
7.093925
7.412548
7.761911
7.714349
7.488717
7.616636
7.45087
7.307854
7.6975
7.732175
7.196571
7.282811
7.45309
7.653615
8.029728
8.392209
8.422515
8.604285
8.744909
8.526975
8.384314
8.540988
8.390185
8.514492
8.856039
8.596433
8.598974
8.497674
8.475488
8.519909
8.30796
8.415388
8.469482
8.697141
8.68655
8.738318
8.324711
8.700513
8.628127
8.478561
8.647781
8.798395
8.72084
8.448891
8.638742
8.612764
8.464049
8.234073
7.80478
7.62566
7.402648
8.086658
8.339139
8.611173
8.531632
8.441805
8.780433
8.924518
9.024862
9.012216
9.076249
9.269248
8.98526
9.176853
9.333202
9.241137
9.338928
9.70254
9.353152
9.135868
9.242806
8.917007
9.063534
8.991825
8.992849
8.813626
8.585589
9.096362
8.663515
8.712375
8.520695
8.439118
8.447718
8.396758
8.444539
8.489402
8.570054
8.642652
8.584328
8.400081
8.58013
8.588064
8.697411
9.13253
9.044945
8.931261
9.035768
8.86681
8.979119
9.008071
9.00601
8.900144
8.826564
8.895621
9.003497
8.611499
8.463864
7.932352
7.667678
8.151456
8.454774
8.361359
8.061308
8.145531
7.827442
7.909512
7.874151
7.511642
6.866861
6.980949
7.338747
7.30584
7.294818
7.18065
7.520122
7.594466
7.315346
7.584013
7.795674
8.176735
7.872148
7.731348
7.777155
8.023264
7.678299
7.363359
7.496331
7.049996
7.027726
7.170311
7.106443
7.067793
7.336168
7.338313
7.401496
7.539077
7.843604
8.063128
8.47588
8.106657
7.952399
7.815689
8.036703
8.279103
8.53287
8.352719
8.36723
8.257873
8.407203
8.280277
8.411099
8.432509
8.318289
8.181436
8.114258
8.59401
8.512828
8.124372
7.783843
7.467318
7.366892
7.235839
7.168807
7.524996
7.548109
7.703484
7.478687
7.611241
7.558632
7.84146
7.862253
7.985231
7.916509
7.749151
7.677917
7.629674
7.107931
6.611593
6.488449
6.358789
6.082803
6.365168
6.726384
6.94672
6.752102
6.779724
6.840249
7.553197
7.732781
7.473085
7.39423
7.55001
7.81371
8.054277
8.059209
7.788081
8.222928
8.042026
8.213096
8.079336
8.250485
8.373907
8.417784
8.539771
8.58508
8.37016
8.419482
8.502479
8.905082
8.687625
8.276637
8.542027
8.381654
8.032462
7.426957
7.240624
6.894489
6.86372
7.379645
7.621685
7.638978
7.736504
7.724844
7.922935
7.89098
7.802857
8.026051
7.694074
7.712771
7.943688
8.117185
8.317749
8.484429
8.261454
8.552074
8.33683
8.35954
8.422395
8.443559
8.157746
8.186614
8.047043
7.798715
7.759006
7.859215
8.11321
8.183124
8.480679
7.945162
8.030357
8.255364
8.391668
8.307644
8.581935
8.488143
8.47262
8.21184
7.842039
7.675624
7.360286
7.271523
7.626572
7.683077
7.807535
7.379838
7.665577
7.626769
7.675289
7.65976
7.951292
8.127096
8.073432
7.817442
7.587108
7.394882
7.321511
7.526094
7.251214
7.491016
7.387036
7.605459
7.603266
7.927859
8.295961
8.331744
7.958297
7.885005
7.836144
8.059774
8.183958
7.869244
7.603752
7.642099
7.83674
7.738257
7.736601
7.872808
8.045734
8.111272
8.057553
7.947607
7.907755
7.928699
7.781784
8.088867
8.558071
8.906154
8.593381
8.799172
9.373612
9.182818
9.24352
9.013467
8.978198
8.942339
8.970169
8.841752
8.67906
8.674675
8.770122
8.768027
8.903388
8.621879
8.225572
8.487343
8.665238
8.714784
8.470542
8.50515
8.831763
9.248258
9.453461
8.590798
8.431388
8.487931
8.314265
8.632864
8.558204
8.338511
8.035959
7.768124
7.472482
7.284487
7.488272
7.726823
7.896526
8.202719
8.184976
8.233807
8.441042
8.557823
8.909819
9.029292
8.753674
8.62578
8.886067
8.859397
9.261091
9.186464
8.49713
8.995886
8.995243
8.902939
9.256518
9.049248
9.092984
9.249765
8.981064
9.4962
9.53148
9.348314
9.099006
8.909056
9.232205
9.613848
9.654083
9.627804
9.70336
9.426648
9.20442
8.69205
8.453471
8.264155
8.337347
8.341129
8.24874
8.05766
8.222905
8.003408
8.101339
8.130908
7.801974
7.490276
7.080565
6.890835
6.86291
6.963601
7.057179
6.975595
6.568347
6.536294
6.24351
6.395304
6.17821
6.22639
6.025288
5.646529
5.958442
5.762166
6.197729
5.70066
5.270944
5.443963
5.906146
5.903235
5.566257
5.732393
5.148508
4.905151
4.59621
4.583523
4.393739
4.357693
4.44324
4.495297
4.839033
4.835503
5.089931
5.436919
5.139458
5.522239
5.919271
5.697317
5.193452
5.037978
4.260458
3.783951
4.044934
4.06914
3.986042
4.134833
4.054449
4.035963
4.446976
4.236173
4.017223
4.237877
4.28134
4.329451
4.472846
4.418877
4.345225
3.663902
3.356211
3.456216
3.204147
3.272122
3.418277
3.299573
3.445375
3.007082
2.993067
3.297012
3.211838
3.656173
3.796947
3.683297
3.842068
3.924251
3.795883
3.889896
4.06835
4.222734
4.281942
4.025574
4.253508
4.842123
4.636972
4.574808
5.082859
5.109871
5.145053
5.60491
5.943131
6.141349
6.124817
6.309828
6.334357
6.426847
6.549159
6.513027
6.003518
6.062426
5.736077
5.411447
5.42572
5.614495
5.642887
5.809234
5.969005
6.509948
6.744761
6.526676
6.822362
7.015276
7.165312
7.301493
7.088319
7.027763
6.807909
7.034905
7.044281
6.919315
6.850477
6.796455
6.437438
6.821206
7.032783
6.672373
6.640676
6.38431
6.603495
6.681931
6.508503
6.638255
6.695755
6.551178
6.152902
6.452839
6.671293
6.549505
6.749959
7.358339
7.592243
7.694604
7.766079
7.539994
7.571624
7.552326
7.743272
8.076147
8.585494
8.520803
8.656766
8.571813
8.631776
8.964074
9.074689
8.829491
8.800556
8.481069
8.665048
8.854726
8.842757
8.628275
8.422907
8.700999
8.578059
8.581391
8.589597
8.514515
8.328226
8.45967
8.215081
7.618622
7.446282
7.496859
7.37233
7.547269
7.433918
7.387209
7.595105
7.614767
7.343927
7.227436
7.308287
7.218333
7.094326
6.880034
6.804358
6.611995
6.66105
6.471713
6.563817
6.527878
6.527033
6.784463
7.157731
6.874319
6.83515
6.825947
6.91841
6.854757
7.027183
6.779917
6.872783
6.936768
6.839169
6.680374
6.643976
6.573505
6.748456
6.449148
6.639113
6.650681
6.520424
6.672583
6.75628
6.603991
6.833151
6.822204
6.849645
6.984738
7.04781
6.846741
6.897356
6.684639
6.49889
6.386858
6.152777
6.18344
5.892274
6.124495
5.732566
5.532936
5.270377
5.448993
5.402151
5.205855
4.937918
4.861282
5.424758
5.544646
5.758806
5.516289
5.716018
5.767783
5.773724
5.414404
5.117091
4.993834
5.192233
4.674728
5.26516
5.30318
5.379198
5.466223
5.442427
5.786617
5.522377
5.505953
5.415772
5.652694
5.825212
5.971246
6.61619
6.72119
6.938061
6.738251
6.575182
6.515631
6.708135
6.815063
6.953306
6.774827
6.82969
7.268172
7.037995
7.175481
7.221444
7.378992
7.609328
7.732498
7.85282
7.708272
7.696387
7.341667
7.509509
7.675798
7.374025
7.117175
6.684908
6.902354
6.888971
6.81243
7.079535
7.153051
7.323882
7.124813
7.575754
7.346189
7.410389
7.451864
7.423136
7.554298
7.95394
8.230371
8.057976
7.828833
8.013493
8.00463
8.179723
7.644942
7.718378
7.270956
7.431008
7.615349
7.690261
8.112414
8.20518
8.569219
8.830579
9.300979
9.089426
8.923512
8.763363
9.047587
8.766718
8.076054
8.204071
8.409167
8.356014
8.309342
8.342429
8.245487
8.037341
7.940738
8.124484
8.024101
7.981083
7.980463
7.913407
7.735967
7.780702
7.543567
7.505058
7.349091
7.391922
7.289798
7.305744
7.128458
6.893419
6.785337
6.454241
6.265965
6.43377
6.0437
6.069812
6.27969
6.258939
6.534436
6.473452
6.221814
6.235036
6.26895
6.375161
7.140299
6.434652
6.365104
6.324259
6.214778
6.196476
6.130099
6.615755
7.026839
7.175187
7.338174
7.069741
7.200607
7.243653
6.887672
6.64582
6.669329
6.592907
6.905226
6.843881
6.783643
6.549525
6.257637
6.308454
6.016032
6.183449
6.251906
6.391439
6.160056
6.158874
5.954599
5.84224
6.197558
6.00721
6.017413
5.85161
5.559259
5.813641
6.546359
6.687472
6.406007
6.825837
6.959084
6.741423
6.764556
6.75676
6.778119
6.7766
6.970268
7.175744
7.222887
7.409433
7.293716
6.970272
6.741823
6.897915
7.088358
7.250489
7.691191
7.897405
8.212549
8.015937
8.163564
8.186957
7.846347
7.804916
7.990999
7.914466
8.170255
8.207036
8.028989
7.858634
8.139149
8.210866
8.537312
8.491392
8.449358
8.367228
8.619006
8.693421
8.633704
8.991678
9.153297
9.014393
9.200476
9.28589
9.201902
9.279588
9.317274
8.788686
9.045324
9.488423
9.362444
9.512892
9.468996
10.09336
10.10326
10.1119
10.39179
9.814718
9.818905
9.500356
9.36113
9.449372
9.666847
9.846971
10.42794
10.28517
9.826314
9.456153
9.269244
9.207128
8.78125
8.795408
8.841494
8.702643
8.907995
8.775953
8.465923
8.582866
8.60787
8.618069
8.518771
8.559113
8.781992
8.939079
9.045913
8.956463
9.000556
9.265443
9.557271
9.728885
9.961548
9.963623
9.953694
9.9999
10.03537
10.18456
9.844812
9.652069
9.230212
9.064003
9.032787
8.91101
8.783027
8.685497
8.852895
8.774809
9.027996
8.529391
8.222703
8.040869
7.887412
7.993607
8.148915
8.255369
8.214881
8.025538
8.233518
8.273928
8.341826
8.418317
8.501822
8.470927
8.868882
9.279406
9.29208
9.499272
9.217794
8.611007
8.92111
8.803884
8.810234
8.612551
8.638054
8.614782
8.563046
8.703355
8.363402
8.749179
8.680444
8.026108
8.171856
8.56815
8.297936
8.19054
7.82347
7.971554
7.708331
7.355276
7.420371
7.091811
7.034389
6.979199
7.054701
7.175914
7.225707
7.24282
7.497366
7.445039
7.753056
7.933656
8.205856
8.360021
8.128554
7.638425
7.69241
7.699744
7.438733
7.222972
7.009058
6.887445
6.782017
6.829895
6.702336
6.72878
6.674365
6.646368
6.593264
6.394098
6.728296
6.94983
6.88399
7.244135
7.320841
7.612948
7.580186
7.438926
7.254652
7.43811
6.996486
7.21615
7.074446
7.069869
7.140596
6.734143
6.388003
6.213448
6.000921
=======
7.739958
7.780912
7.526598
7.769675
7.651626
7.270641
7.73583
7.46328
7.597899
7.260897
7.350442
7.848248
8.057522
8.429089
8.420091
8.364025
8.436584
7.874183
7.851285
7.644227
7.420791
7.119915
6.901878
7.225023
7.169408
7.222606
7.422851
7.626498
7.405143
7.137564
7.300132
7.121756
7.216159
7.181029
6.928383
7.32701
7.226142
7.320661
7.326102
6.854729
7.025046
6.853077
6.875757
7.592083
7.53311
7.538082
7.621459
7.641383
7.97876
8.638696
8.463564
8.443636
8.663418
8.471871
8.472011
8.814681
8.875591
8.526524
8.596629
8.748036
9.224988
9.419146
9.645221
9.727571
9.414783
9.69452
9.641987
9.610702
9.190775
9.053737
9.138171
8.997775
8.940072
8.743442
8.754553
8.978399
8.749791
8.537503
8.588796
8.439379
8.366903
8.28847
8.242029
8.120779
8.13165
8.445829
8.475993
8.655531
8.473119
8.736301
8.824844
9.107229
9.364286
9.658736
10.00975
10.48532
10.93709
11.06435
11.02615
11.22546
11.60578
11.72821
11.90633
11.39601
11.57287
11.52886
11.76032
11.49614
11.2848
11.09191
10.87036
10.62375
10.68997
10.84751
10.69065
10.54845
10.78507
11.17611
11.01417
10.81044
10.58568
10.97487
10.83078
10.51674
10.48406
10.71059
10.43465
10.96302
10.30952
10.24277
10.11421
10.11687
9.75034
9.671026
9.575388
9.28003
9.007401
8.660286
8.701208
9.082336
9.156141
9.066828
9.294924
9.398916
9.283841
9.362781
9.390614
9.184263
9.010947
9.130864
9.768198
9.763565
9.11503
9.336883
9.090056
9.271979
9.306965
9.101935
8.94638
9.032293
9.099355
8.959945
9.216201
9.568107
9.512257
9.481699
9.089239
8.729394
8.705141
8.359741
7.926881
7.803835
7.817234
7.683136
7.039391
7.254082
7.444325
7.535948
8.077338
7.968576
7.995967
8.048477
8.107065
7.61057
7.633299
7.443974
7.705576
7.981419
7.904204
8.056181
7.718507
7.65868
7.558278
7.454334
7.345889
7.462482
7.295791
7.371603
7.478665
7.650512
7.699714
7.661145
7.496228
6.885862
7.247971
7.129599
6.982793
6.934863
6.933172
6.899408
6.517892
6.492442
6.791945
6.816638
7.011241
7.184949
7.009615
7.127346
7.314251
7.72327
7.57367
7.575565
7.747466
7.456889
7.348247
7.197299
7.041385
7.314862
6.960107
6.880652
7.092648
6.796297
6.916745
6.852255
6.958513
7.290268
7.579108
7.912785
8.128679
8.193115
8.436038
8.033657
7.853645
7.948207
8.041629
7.689941
7.623665
7.215492
7.444582
7.341946
7.882057
7.466525
7.518853
7.461267
7.51053
7.718497
8.058849
7.909464
7.885403
8.082856
8.213194
7.779285
7.784626
7.421577
7.511354
7.625556
7.693642
7.47265
7.482685
7.463433
7.038679
7.339577
7.496699
7.324221
7.12815
7.428156
7.704249
7.791822
7.846584
8.371852
8.591209
8.54705
8.194638
8.289984
7.845128
7.867521
7.797005
7.623323
7.681921
7.884396
7.91333
8.013935
8.189823
8.301295
8.372297
8.350963
8.606801
8.527044
8.359843
8.02174
8.304516
8.402845
8.064806
8.136002
7.654601
7.878559
7.717757
7.727505
7.498554
7.547527
7.912714
8.009657
7.680249
7.630211
7.377004
7.192752
7.0808
7.342614
7.127809
6.847139
6.924597
6.757493
6.448911
6.70467
6.636474
6.605657
6.548596
6.570242
6.789407
6.744066
6.81925
6.944227
6.437318
6.605644
6.610661
6.810665
6.859037
6.64499
6.49466
6.528972
6.11772
6.191829
6.270249
6.421221
6.147093
6.404692
6.183429
6.241936
6.346849
6.380116
6.201154
6.442935
6.338478
6.481929
6.85767
7.517626
7.416185
7.038825
6.775843
6.697136
6.845016
6.279971
6.722359
6.565926
6.775107
6.832032
6.705944
6.763489
6.813891
6.862806
7.05118
7.174265
6.897403
6.93089
6.792905
6.604819
6.311099
6.021901
6.665148
6.829838
6.84837
7.341313
7.404643
7.788126
7.63843
7.548411
7.616192
7.802064
7.436338
7.426389
7.695143
8.253516
8.083667
8.728959
8.800302
8.555005
8.278163
8.050715
7.622042
7.898231
7.956032
7.712204
7.746559
8.050658
8.185962
7.970639
7.692718
7.589102
7.46949
7.809679
7.644812
7.560225
7.160485
7.342143
7.42515
7.39227
7.012387
7.04838
7.096345
7.352641
7.380955
7.427926
7.293424
6.838621
7.304315
7.467356
7.399409
7.722061
7.573841
7.173707
7.267609
7.083825
7.414039
7.099745
6.869228
6.998089
6.590826
6.517674
6.30429
6.327328
6.423832
6.451213
6.767364
6.528026
6.515882
6.710323
6.561695
6.586802
6.932843
6.660819
6.963231
7.461221
6.917097
6.659403
6.748311
7.150446
7.017593
7.100741
7.13196
7.277918
7.425509
7.574554
7.367123
7.235167
7.545619
7.52266
7.599572
7.517155
7.597442
8.279868
8.148771
8.337043
8.336744
8.517198
8.4075
8.631369
8.298055
8.206812
8.039485
8.044956
7.974961
7.998758
7.854275
7.630181
7.290094
7.496185
7.26584
7.597077
7.550814
7.636618
7.596489
7.159123
6.962536
6.725683
6.687417
6.819668
6.891937
6.742556
7.109035
7.426277
7.308515
7.35791
7.767513
7.888233
8.136867
8.199968
8.008558
8.166311
8.208552
8.006675
8.197098
8.376127
8.272095
8.226717
7.864387
7.601021
7.812581
7.626794
7.737015
7.633334
7.960443
8.285627
8.42081
8.065267
8.175655
8.135521
7.916376
8.084729
8.057987
8.349638
8.476572
8.520089
8.506559
8.44842
8.205673
8.119277
8.028387
7.9428
7.734011
7.557434
7.365963
7.464384
7.157351
6.897124
7.044399
7.4145
7.469466
7.488471
7.688502
7.86034
7.970778
8.099465
8.022271
7.801838
8.066255
8.135543
8.189293
8.051207
7.782738
7.440214
7.101714
7.05957
6.862068
6.698427
6.610063
6.417671
6.903338
6.972868
7.29652
7.662847
7.564346
8.085011
8.196626
8.508127
8.373889
8.634698
8.828933
8.907224
8.421555
8.60112
8.63377
8.617685
8.815163
8.950116
8.987754
9.316213
9.472672
9.519374
9.352061
9.262538
9.440106
9.435007
9.338687
9.233388
8.868774
8.641542
8.490242
7.73927
7.60813
7.327518
7.472386
7.355905
7.598769
7.830454
7.769873
7.520141
7.645714
7.646421
7.309556
7.047907
6.922373
7.470673
7.272676
7.334194
7.204953
7.09043
7.264262
7.609647
7.490923
7.276356
7.251556
7.315884
7.707218
7.47971
7.452125
7.489635
7.303825
6.998016
7.316905
6.848524
6.916081
7.051871
6.729406
6.366364
6.571115
7.12114
7.305373
7.312727
6.934529
6.924007
6.450373
6.018929
6.019398
6.058628
5.613955
5.695777
5.908842
5.757095
5.922165
6.459726
6.672603
6.343621
5.864972
6.157198
6.423136
6.276605
6.526317
6.59066
6.724626
6.367769
6.60294
6.638037
6.467611
6.296754
6.188023
6.229381
6.245734
6.6784
6.913185
6.854429
7.007839
6.8788
7.014333
6.769355
6.647676
6.465994
6.79547
7.259417
7.793154
7.562408
7.638691
7.46207
7.624902
7.814929
7.937657
7.697651
7.597103
7.733141
7.837854
7.946781
7.85867
7.716078
7.912977
8.175922
8.179621
8.217731
8.219464
8.108425
7.811783
7.74868
7.460805
7.404527
7.521754
7.378477
7.473715
7.412235
7.676311
7.846638
7.698896
7.663661
7.707446
7.717805
7.568941
7.444567
7.071234
6.852322
6.854548
6.960574
6.949528
7.419327
7.303875
7.172134
7.352385
7.42222
7.349891
7.267603
7.5347
7.584491
7.653216
7.124715
7.315166
7.467706
7.560835
7.147134
7.027486
6.876681
6.434931
6.351343
6.157083
6.449328
6.336478
6.474348
6.156717
5.959984
5.780564
5.972655
6.094676
6.086226
5.711828
6.090714
5.537504
5.273337
5.149957
5.197492
5.416715
5.720681
5.812123
5.761082
5.974138
5.935814
5.773659
5.868891
6.293084
6.312625
6.118153
5.600842
5.190656
5.033946
5.02483
5.358437
5.418097
5.387757
5.374643
5.8495
5.862322
6.213841
6.59099
6.67581
6.420759
6.267843
6.193239
6.547465
6.455969
6.049418
5.597241
5.284011
5.607915
5.877076
6.357157
6.228789
5.992701
5.889227
6.160558
6.286683
6.342912
6.541355
6.697478
7.00689
6.907378
6.867257
6.945831
6.796677
6.472021
6.473158
6.568353
6.691137
6.325522
6.182151
6.310925
6.088666
6.009883
5.939219
6.076711
6.274881
5.834561
5.72014
5.665084
5.920572
6.15994
6.074582
6.242604
6.385248
5.902819
6.032246
6.102876
6.161545
6.455369
6.639684
6.883097
6.830533
7.002743
6.861756
7.061146
6.662983
6.995891
7.137523
6.900744
6.83717
6.772311
6.924407
6.844246
6.846103
7.081261
7.083292
6.73949
6.624947
6.766809
6.712121
6.828002
6.827959
6.550292
6.494304
6.224842
6.292355
6.552367
7.005238
6.667394
6.36636
6.690141
6.254533
6.500287
6.544967
6.364584
6.559958
6.870113
6.444853
6.235954
6.629659
6.499694
6.162391
6.562642
6.781624
6.448137
6.503589
6.336809
6.572534
6.702548
6.410838
6.113604
6.518149
6.655801
6.382146
6.221899
5.649773
5.388959
5.409036
5.586793
5.436299
5.891862
6.09175
5.886075
6.135934
6.159307
5.812643
6.003033
5.883286
5.56589
6.081485
5.997766
6.374382
6.611623
6.024322
5.99774
6.158372
6.664483
6.533025
6.799753
6.748337
6.532537
6.410156
5.950599
5.829889
5.377936
5.737314
5.461316
5.404453
5.399018
5.494798
5.161134
5.902393
5.640407
5.782973
5.754479
5.851712
5.807034
6.111757
5.99542
6.073622
6.26856
6.549005
6.855258
6.59931
6.916849
6.797427
6.959523
7.171706
6.905766
7.132042
7.333721
7.337062
7.406978
7.436237
7.228737
7.334752
7.244881
6.892626
6.793085
6.969629
7.073263
7.116584
7.491056
7.694417
7.810875
7.792138
8.018647
7.969047
8.118739
8.026994
8.000018
8.015533
8.08382
7.624798
7.711105
7.776594
7.679795
7.512681
7.606393
7.746332
7.659202
8.125691
8.225868
8.298259
8.294272
8.01472
7.92797
8.055244
7.980562
8.077785
7.815138
7.669138
7.839899
8.076311
8.170128
8.0497
8.223242
8.439501
8.348103
7.943939
8.035865
7.77081
7.927411
7.945506
8.118643
7.995425
8.473783
8.825045
8.891848
8.770229
9.139272
8.791409
8.790099
8.903593
8.968578
9.196408
9.259589
9.2124
9.236065
9.508416
8.956336
8.899132
8.949203
8.996934
8.797276
8.734257
8.7681
8.865506
8.709096
8.615408
8.468029
8.097094
7.499243
7.655289
7.545003
7.524316
7.241107
7.422924
7.275805
7.159116
7.589599
7.565463
7.391927
7.337049
7.476758
6.97449
6.891056
6.975331
6.786462
6.505803
6.320261
6.679514
6.588238
6.752323
6.670578
6.724442
6.673439
6.462063
6.467672
6.415107
6.408256
6.485115
6.622892
6.80393
7.162996
7.390648
7.544411
7.724568
7.756682
7.517204
7.114048
6.880801
7.027826
6.81432
6.660771
6.368733
6.441911
6.303924
6.458734
7.093618
7.068172
7.546433
7.605038
7.711213
7.868143
8.374398
8.170778
8.378309
8.015238
7.911704
7.761008
7.687166
7.623434
7.758825
7.846218
7.920652
7.868848
7.808716
7.217747
7.510745
7.655583
7.955809
8.462816
8.07375
8.176665
8.147858
7.828266
7.901849
7.956286
7.962752
7.966356
8.01358
7.606199
8.168109
8.101661
8.258845
8.1825
8.240844
8.103279
8.168428
8.174472
8.429221
8.745965
8.779447
8.604689
8.953673
8.818542
8.97092
9.339828
9.611957
9.615009
9.385563
9.571781
9.538878
9.716551
9.671112
9.63432
10.1134
9.919581
9.787583
9.977943
9.875119
10.10084
10.25548
10.21792
10.57797
10.75572
10.8207
10.66433
10.51029
10.61823
10.46987
10.6918
10.8012
11.15207
11.01251
11.07358
11.00361
11.20409
11.15402
10.90567
10.80909
10.79543
10.65028
10.8043
10.84395
10.84904
10.74351
10.96318
10.66566
10.70567
10.63269
10.63769
10.57223
10.74301
10.8668
11.05863
10.60206
10.89426
10.89491
10.54783
10.64141
10.76449
10.60057
10.58648
10.62992
10.87128
10.83541
10.62239
10.70845
10.58936
10.72597
10.70557
11.13258
11.04875
10.98358
11.04889
11.02445
11.01917
11.21937
11.32275
11.31167
11.33793
11.0799
10.73609
10.45414
10.3056
10.22539
10.48889
10.45261
10.27083
10.46271
10.6685
10.76647
10.88911
10.84507
10.91556
10.62582
10.7287
10.67299
10.70115
10.60059
10.34444
10.55751
10.23877
10.2336
10.37032
10.42846
10.85569
11.15124
10.92689
10.80818
10.9198
10.57684
10.2488
10.38233
10.32623
10.84237
10.65721
10.78534
10.67325
10.61989
10.5908
10.76764
10.50116
10.6661
10.48933
10.75886
10.56826
10.54178
10.59838
10.55895
10.13535
10.01253
9.483865
9.592577
9.892655
10.43422
10.26235
9.81017
9.939654
9.878332
9.767955
9.481387
9.517864
9.663892
9.168308
9.425398
9.490762
9.023289
9.256707
9.214724
9.125342
9.250462
9.170981
8.983475
9.164378
9.21044
8.933186
8.718592
8.935818
8.704782
8.663474
9.024654
8.82314
9.09605
9.175022
8.788662
8.776813
8.844264
8.800739
8.568252
8.385316
8.336273
8.528665
8.426104
8.420439
8.489689
8.400923
8.469277
8.096881
7.515886
7.526136
7.659386
7.59377
7.309158
6.942342
6.858754
6.593098
6.8339
6.694721
6.639507
6.818876
6.969487
7.135371
7.107787
7.242211
7.166441
6.970652
7.046172
7.305009
7.41065
7.102121
6.553248
6.919615
6.85628
7.04222
7.301706
6.97601
6.847159
7.071702
7.115056
7.083061
7.122326
6.733429
6.831696
6.618394
6.185193
5.968623
5.791063
5.629126
5.151911
5.518059
5.939018
6.037076
6.150126
5.973668
5.902453
5.627111
5.761847
5.680723
5.804641
5.725193
5.76345
5.914433
5.448268
5.49875
5.688814
5.335662
5.544605
5.510456
5.398312
5.552951
5.467252
4.970006
5.079386
4.839624
5.084548
4.926239
4.713867
4.912003
4.695673
4.535753
4.776992
4.821781
4.79634
4.850527
4.976806
4.66444
4.995983
5.251267
5.260504
5.372024
5.391023
5.04754
5.034864
5.265439
5.020587
4.846751
4.685324
5.150602
5.059421
5.100812
5.302848
4.992453
5.162491
4.928682
4.655317
4.313139
4.486663
4.97814
5.063281
5.111436
5.076081
5.076754
4.867466
4.959122
5.192794
5.513645
5.406677
5.310144
5.089947
4.876755
4.894471
4.846548
4.948022
5.134675
5.562789
5.659789
5.336129
5.3352
5.108327
5.309971
5.168899
4.800569
4.918771
4.602435
4.585148
4.43417
4.293018
4.236934
3.780389
3.298343
3.640595
3.496871
3.563904
3.77733
4.143034
4.581063
4.863976
5.32992
5.568132
5.56438
5.340638
5.499884
5.34466
5.429989
5.342849
5.607859
5.586534
5.424797
5.771664
5.59451
5.421777
5.064777
5.334903
5.128661
4.960418
5.252384
5.356646
5.2041
5.738349
5.782755
5.554428
5.769717
5.384498
5.187289
5.173431
5.739889
5.710728
5.383935
5.31764
5.257087
5.382128
5.201401
5.164238
5.149031
5.038404
5.11964
5.210021
5.08129
5.197121
5.098765
5.145439
5.297005
5.479857
5.967274
5.699485
5.633442
5.927842
5.868914
5.894782
6.003612
6.068279
6.016387
5.845468
6.12602
6.298804
6.261021
6.708548
6.441582
6.785174
6.689703
6.977333
7.000099
6.857999
6.842345
6.751575
6.950097
7.258765
7.010923
7.145694
7.099731
7.101868
7.118608
7.074962
7.11741
6.97497
6.763298
6.625908
6.750029
6.988773
6.788769
6.913603
6.6313
6.826698
6.669854
6.905152
6.949744
6.54634
6.344797
6.155328
6.136754
6.020834
6.143282
5.909329
5.983873
5.436794
5.482921
5.858586
5.993279
6.054589
6.298361
6.277685
6.276387
6.210182
6.548413
6.253244
5.893018
5.95688
5.747941
5.735231
5.775322
5.84122
5.582342
5.42098
6.00711
5.838659
5.871889
5.88774
5.750198
5.744557
5.622612
5.620716
6.091008
6.158988
6.212819
5.95128
6.348566
6.091179
6.244444
6.248408
6.327243
6.443808
6.077323
6.484666
6.352054
6.520474
6.447876
6.746994
6.52599
6.442048
6.742531
6.779707
6.496855
6.686938
6.928596
6.934394
6.764522
6.772454
7.122517
6.931053
7.296838
7.266876
7.357651
7.285512
7.05863
7.264402
7.652663
7.786802
7.786694
8.232356
8.375552
8.119735
8.078889
8.207989
8.221195
8.477882
8.561916
8.734927
8.236024
8.03895
8.058327
7.995542
8.220034
8.298967
7.849282
8.535196
8.648321
8.433132
8.416988
8.215541
8.012068
8.118327
7.558369
7.830989
7.349821
7.004451
7.294268
7.360294
7.408239
7.593787
7.660055
7.762837
7.789059
7.697102
7.981814
7.72616
7.55659
7.339176
7.360567
7.366501
6.79439
7.123908
7.385864
7.747293
8.058594
8.052638
8.071525
8.324892
8.30067
8.329777
8.684314
8.759442
8.791794
8.772494
8.969184
9.027657
8.973228
9.012385
8.822005
8.837162
8.782528
8.865508
8.722449
9.202748
8.785381
9.213345
9.446864
9.35529
9.539752
9.535282
9.366505
9.424002
9.793837
9.506245
9.54833
9.197781
8.954583
8.86515
8.647218
8.822057
9.224751
9.350799
9.28593
9.04355
9.744208
9.425762
9.341225
9.336904
9.626191
9.535256
9.39015
9.669537
9.774492
9.296913
9.425111
9.309341
9.752596
10.10057
10.02158
10.06026
10.26522
10.26125
10.19278
10.24289
10.07903
9.652052
9.751942
10.01027
10.11406
10.11701
10.40342
9.779009
9.443659
9.596782
9.458565
9.18301
9.300786
9.422978
9.268593
9.149574
9.25372
9.356533
8.921284
8.806497
8.620051
8.784396
8.924704
8.826233
8.922369
9.170124
8.750616
8.907075
9.118237
9.397636
9.134024
9.15108
9.107394
9.472835
9.442755
9.149084
8.854113
8.956846
9.044152
8.880942
8.888981
8.803295
8.758962
9.072376
9.235295
9.100096
9.006492
8.925289
8.764311
8.623042
8.668975
8.706904
8.913778
9.054298
8.928008
8.991113
9.117998
9.011727
9.174619
8.793332
8.882843
9.25081
9.34409
9.539103
8.880688
8.60559
8.401561
8.536162
8.1537
8.203068
8.299804
8.10971
8.325241
8.370979
8.668984
8.823828
8.841949
8.990216
9.222579
9.195774
9.459166
8.991232
9.37406
9.43488
9.122618
9.156935
8.78661
8.553641
8.26261
8.531182
8.423584
8.246972
7.924105
7.758534
7.636811
7.726089
7.818356
7.97656
7.5347
7.14715
7.250755
7.20361
7.181172
7.413051
7.523482
7.285302
7.617537
7.65343
7.853939
7.786707
7.829416
7.586511
7.431075
7.473701
7.491456
7.559323
7.743466
7.892948
8.327508
8.298444
8.427254
8.406357
8.664048
8.527806
8.685141
8.469237
8.937498
8.901851
8.874063
9.149567
8.871546
8.723591
8.375886
8.524088
8.407551
8.125756
8.311066
8.011436
7.804724
8.079206
8.190969
7.909692
8.188804
7.756577
7.740191
7.668731
7.967361
7.846746
7.919425
7.80243
7.66857
7.84632
7.922888
7.613725
7.553729
7.594944
7.373288
7.612991
>>>>>>> 6f62d92656549ac78d700cd01a7fbbcf9ca76c44
