2.418989
2.345584
2.502863
2.779499
2.220884
2.439691
2.653005
2.559765
2.162483
2.152533
2.890459
2.73266
2.888326
2.711335
2.624938
2.47473
2.396016
2.163628
2.435813
2.772628
3.064364
3.264513
2.854982
2.438292
2.655065
2.153302
2.641543
2.445668
3.476082
2.66821
2.663956
2.934775
2.510673
2.355974
2.388878
2.77078
2.413278
2.48252
2.670395
2.365399
2.365896
2.57585
3.425307
2.539853
3.030899
2.507312
2.469265
2.549336
3.204886
2.975536
2.560881
2.594361
2.531188
2.75151
2.504783
3.078986
2.8834
3.18091
2.66707
3.149614
2.766217
2.641454
3.5348
2.825824
2.677753
2.585488
2.638122
2.703517
3.013197
2.985524
2.70092
2.485944
3.025791
2.324689
3.023418
2.721517
2.746507
2.151854
2.361492
3.184328
2.736107
2.590889
2.610677
2.294049
3.4312
2.797322
2.243602
2.419913
2.666591
2.921281
3.047642
2.229314
2.641903
2.559231
2.538034
3.042026
2.622976
2.840564
2.286102
2.308223
2.519839
2.988731
2.896865
2.723225
2.883621
2.234918
2.474915
2.350659
2.290421
2.957927
3.072327
2.892597
2.803146
2.899346
3.009128
2.841319
3.397814
2.788358
3.135667
3.465625
3.516306
2.56019
3.137969
2.372849
2.397642
2.443335
2.661275
2.612183
2.666469
2.527006
2.840496
2.945127
2.614577
2.524134
2.618051
3.013716
2.896082
2.526212
2.70439
2.755452
2.7658
2.53912
2.806393
2.64283
2.72429
2.745834
2.763314
2.36515
3.02938
2.740477
2.302957
2.956979
3.177061
2.733758
1.975426
2.557954
2.350938
2.377913
2.647814
2.416989
2.598307
3.026572
2.503675
2.395026
2.453887
2.378719
2.095009
2.586692
2.00746
2.062136
1.999112
2.831442
2.38888
2.391501
1.974214
2.19213
3.06414
3.297446
3.335868
2.696639
3.114784
2.287572
2.86486
2.592521
2.775572
2.433964
2.641063
2.248574
2.7083
2.694273
2.707382
2.208652
2.680022
2.165861
2.005874
2.831614
2.324197
3.306328
2.704415
2.914269
2.736447
2.221522
2.790292
2.970933
2.627623
3.181519
2.782321
2.469957
2.408001
2.670501
3.244552
2.499206
2.155495
2.322688
2.978473
2.068345
2.517124
2.633957
2.339772
2.02059
3.210941
2.307811
2.144387
2.639285
2.2872
3.095779
2.555721
2.539426
2.111637
2.017604
2.165045
2.914814
2.575045
2.431608
2.340738
2.503424
2.787466
2.064359
2.285397
2.885334
2.800171
2.255886
2.293521
2.41664
2.451532
2.944705
2.979266
2.996643
2.913807
2.59521
2.339356
2.216725
3.264689
2.734026
2.508001
2.589287
3.449092
2.737428
2.891126
2.950809
2.721761
2.575736
2.22855
2.414105
2.628058
2.690445
2.10032
2.402802
2.763706
2.627769
2.266738
2.421765
3.198648
3.056742
3.227766
2.717651
2.462293
2.37904
2.435476
2.209767
2.146378
2.566495
2.891775
2.300875
2.387921
2.548852
2.777093
3.008606
2.57683
2.221502
2.415604
2.795455
2.051999
2.645614
2.55733
2.927765
2.291918
2.384482
2.14166
2.364173
2.2312
2.178693
2.447891
2.797583
2.817882
2.066456
2.208173
2.331172
2.615639
2.459414
2.617034
2.114972
2.371649
2.464598
2.758639
2.559346
2.667736
2.408104
2.66947
2.609662
2.698027
2.403153
2.304433
2.716052
2.39532
2.634332
2.280398
2.31866
2.200269
2.494053
2.793836
2.311477
2.228604
2.555744
2.393637
2.800806
2.410114
2.369489
2.505797
2.651568
2.325877
2.505616
2.803252
3.028749
2.686548
2.689774
2.857816
2.575601
2.589255
2.593124
3.020779
2.11931
2.258414
2.664574
2.630901
3.268758
2.082223
2.66613
2.56259
3.120125
2.783749
2.687443
3.001773
2.902441
2.653845
2.660115
2.974536
2.461754
2.63944
2.492911
2.759113
2.514735
2.873905
3.472074
2.577996
2.682162
2.79598
2.890997
2.727927
2.646106
2.365121
2.928458
2.746403
2.501747
2.412839
2.622091
3.058903
2.832352
2.828883
2.473531
2.81356
3.276101
3.058251
2.68669
3.043475
3.150397
2.5803
2.68519
3.070761
2.788249
2.444202
2.406422
2.775965
2.812028
2.468593
2.597322
2.966642
2.531782
2.71195
2.554927
2.587179
2.44376
2.439574
3.085576
2.87649
2.814756
2.749402
3.102995
2.385935
2.979773
2.346609
2.522241
2.912449
2.65302
2.600915
2.873116
2.691054
2.408511
2.533749
3.509892
3.134482
2.472157
2.374623
2.512423
2.790471
2.877292
2.681921
2.83704
2.847182
2.534504
2.483576
2.794793
2.172805
2.565871
3.093323
2.824081
2.614856
2.37534
2.254177
2.62335
2.608714
3.011901
2.535376
2.152873
2.916062
2.774268
2.709765
2.372771
2.823608
2.478222
2.340357
2.494464
2.255971
3.249427
2.983824
3.00687
2.954972
2.735589
2.784337
2.777165
2.703172
2.439875
2.769598
3.007146
2.879178
2.931701
2.991533
2.357422
2.960326
2.512576
2.607408
2.395446
2.383285
3.007441
2.391182
2.108136
2.891408
2.621408
2.386163
2.47924
2.460686
2.487883
3.134811
2.614371
2.036175
2.259929
2.843226
2.337921
2.945148
2.580713
2.680279
2.757788
3.105696
2.745319
2.51872
2.895103
2.651129
2.696466
2.686716
2.421827
3.387474
3.386931
2.195853
2.179539
2.381851
2.213939
3.196758
2.617855
2.197799
2.52221
2.941461
2.081389
2.74721
2.225502
2.505326
1.990466
2.32657
2.345381
2.555123
2.359529
2.273766
2.407583
2.340445
2.290175
2.383755
2.145746
2.092512
2.309549
2.239216
2.22569
2.486634
2.60066
2.610877
2.978727
1.891023
2.48634
2.132056
1.873415
2.154431
2.838979
2.915534
2.211138
2.862337
2.248622
2.842223
2.541612
2.264383
2.078503
2.525303
2.157101
1.810451
2.06448
2.226531
2.506187
2.440451
2.507201
2.30816
1.767628
2.486524
2.688827
2.790495
2.271752
2.599919
2.408109
2.032034
2.97466
2.602648
2.437246
2.044852
2.43404
2.096326
2.493271
2.099818
2.144448
2.222763
2.093501
2.383547
2.424059
1.856255
2.305196
2.462098
2.533451
2.210724
2.250999
2.158772
2.591524
2.195713
2.563623
2.737129
2.945543
2.480098
2.430902
2.624628
2.330476
2.781278
2.370269
2.106101
2.836689
2.391299
2.324404
2.305398
2.583602
3.05086
3.154129
2.882413
2.782984
2.270916
2.199467
2.805207
2.920831
3.044664
2.960469
3.063263
2.686313
2.839465
2.547268
2.887222
3.027786
2.595974
2.430798
2.43994
2.934246
3.289208
2.99283
2.184321
2.774456
2.403054
3.150993
2.865212
2.520838
2.669311
3.217276
3.15877
3.038083
2.599231
2.602097
2.623866
2.909532
2.42398
2.228171
2.364405
3.111975
3.219795
2.328516
2.596016
2.464446
2.316429
2.630107
2.716959
3.311321
2.826004
2.378257
2.774084
2.28533
2.736307
2.603882
2.365873
2.404689
2.280053
2.738833
2.864992
2.310525
2.533355
2.193389
2.76166
2.528595
2.557583
2.96377
2.398234
2.469142
2.290411
2.506637
2.854633
2.553833
2.772258
2.679993
3.001588
2.25038
2.33136
2.327613
2.39761
3.004203
2.777094
2.916169
2.623195
2.683485
2.697487
2.726433
2.507977
2.348787
2.597122
2.516453
2.454654
2.753268
2.870596
2.947417
2.507501
2.901256
2.796575
2.361871
2.850123
2.776531
2.863991
2.709945
3.049026
2.969282
2.755081
2.368596
2.456856
2.390082
2.487419
2.839343
2.164135
1.837568
2.169396
2.491932
2.589331
2.50071
2.937927
2.761223
2.543296
2.651278
2.341531
2.651901
2.065563
2.722015
2.456636
2.177425
2.474566
2.369875
1.810452
2.424013
2.168811
2.453292
1.906063
2.383639
2.766973
3.082773
2.964759
2.872139
2.071649
1.912143
2.438204
2.749928
2.572899
2.541514
2.8532
2.037578
2.153397
1.914549
2.16327
2.068608
2.007476
2.209163
2.416982
2.622185
2.347096
2.581044
2.219642
2.246758
2.404237
2.636352
2.102564
2.055067
2.728845
2.089862
2.260019
2.35288
2.995123
2.400151
2.521732
2.196989
2.181587
2.347757
2.346529
2.889781
2.425867
2.721296
2.19128
1.851871
2.515407
2.55065
2.754269
2.262947
2.347823
3.019069
2.280059
2.184052
2.449003
2.425817
2.384632
2.27862
2.452568
3.043729
2.334926
1.783161
2.260044
2.235513
2.041476
3.080456
2.41252
2.255942
2.307425
2.280913
2.097445
2.594166
1.949002
2.848881
2.839288
2.549794
2.346599
2.824138
2.610345
2.316111
2.670601
2.304028
2.512303
2.123778
2.789235
2.490559
2.344736
2.461421
2.652054
2.61456
2.223444
2.138292
2.191469
2.236809
2.776244
2.630937
2.316455
2.299546
2.565235
1.905462
1.925302
2.022305
2.400012
2.576246
2.047654
2.554794
2.12087
1.922123
2.355136
1.972844
2.374009
2.233722
2.474844
2.943655
2.900982
2.525603
2.503425
2.577505
2.519162
2.65659
3.09356
2.471608
2.969592
2.848611
3.028497
2.577612
2.483389
3.117092
2.670665
2.721178
2.721981
2.630795
2.188682
2.752611
2.670536
2.891724
2.553504
2.419698
2.630356
2.723045
2.556136
2.700853
2.443652
2.710512
2.751981
2.901059
2.772755
2.539108
2.114912
1.877891
2.605758
2.324222
2.212422
2.56046
2.991669
2.901307
2.457782
2.908421
2.330389
2.424939
2.196251
2.485107
2.483639
2.497313
2.074974
2.466446
2.098344
2.296078
2.661373
2.573861
2.316081
2.621246
2.919791
3.016354
2.704834
3.233122
2.438711
2.691652
2.716714
2.553346
3.114742
2.633584
2.771034
2.758895
2.487798
2.863771
2.587364
2.550248
2.652126
2.622808
2.989137
2.563412
2.747874
2.505659
2.771485
2.381736
2.284511
2.784568
2.177705
2.563737
2.850692
2.497707
2.324028
2.019722
2.055075
2.987702
2.801311
2.469248
2.554044
3.176915
2.135247
2.539057
2.440158
2.283178
2.229468
2.700567
2.703173
2.998785
2.327255
2.286746
2.48733
2.720575
2.613621
2.210637
2.426101
2.810953
3.087793
2.884692
2.443299
2.899558
3.374152
2.367704
1.8141
2.416425
2.56767
2.558262
1.670831
2.255514
2.570354
2.847729
3.008856
2.081878
3.215463
2.508125
2.955582
3.005139
3.094487
2.460555
2.49989
2.167932
2.479759
2.28978
2.712197
2.490669
2.267205
2.158046
2.221424
1.993165
2.727453
2.587565
2.753922
2.146226
2.446482
2.684159
2.228373
3.092437
2.490192
2.384467
2.453695
2.083053
2.61131
2.230889
1.820515
2.396446
2.081963
1.924932
2.056313
2.421054
1.980742
2.448166
2.258614
2.44871
2.542716
2.697546
2.753473
3.027944
2.801247
2.273776
2.490118
2.553654
2.268669
3.11069
2.697132
2.347682
2.702752
2.005928
2.396234
2.413547
2.279383
1.716204
2.082794
1.965994
2.822629
2.401228
2.567843
2.696701
2.602233
2.126433
2.639135
2.430923
2.787635
2.888393
2.548378
2.74588
2.667138
2.846598
2.477719
3.187085
3.06955
3.209722
2.746129
2.872705
2.670465
2.766271
2.859907
2.548173
2.749389
2.495645
2.600861
2.535893
2.942071
2.648316
2.664996
2.562234
2.045982
2.100159
2.503156
2.304687
2.303031
2.542073
2.442028
3.114198
3.247291
3.023094
2.300888
2.350868
2.74269
2.905854
2.466243
2.280636
2.48723
2.758811
2.72596
2.844874
2.054602
2.313849
2.579419
2.478794
2.533386
2.390767
1.573898
1.850737
2.19284
2.579822
2.579001
2.523376
2.415153
2.198125
2.316756
2.365935
2.265008
2.444911
2.603185
2.316512
2.421068
2.273193
2.05638
2.256221
2.139046
2.161581
2.408697
2.811254
2.679308
1.984423
2.220273
2.330012
1.816785
2.088367
2.029941
2.559128
2.633282
2.431368
1.946789
1.755972
2.129425
2.293289
1.77336
1.779148
2.720749
2.100033
1.727563
1.95015
2.444596
2.339533
2.039294
1.902157
1.919083
1.999849
2.268099
2.26911
2.125941
2.203634
1.525849
1.782062
1.959494
1.903942
2.564116
2.653782
2.0467
1.865514
1.860509
2.045361
1.718473
2.243568
2.123922
2.162703
2.310898
2.244645
2.171821
2.50263
1.979314
2.053999
2.134838
1.888498
2.115647
2.475993
2.155723
2.209551
2.003369
1.801887
2.153842
2.259813
2.006857
1.992631
2.119146
2.294067
1.777327
2.269937
2.250923
1.995699
1.95321
2.288806
2.386665
2.782599
2.654078
2.082667
2.285802
2.689271
2.795221
2.247314
2.468542
1.868403
1.814241
2.024965
2.330947
1.957111
1.977171
2.378576
2.13591
2.268561
2.258987
2.423138
2.910865
2.334355
2.300133
2.247485
1.588845
2.130902
2.231556
1.843973
2.011881
2.20909
2.107257
2.087374
2.173122
2.010565
2.017563
2.090944
2.4702
2.391318
1.806274
1.983598
2.205751
2.346481
2.561405
2.685577
2.682403
2.329738
2.283757
2.183341
2.231522
1.939752
2.317886
2.284171
2.228434
2.821157
2.826944
2.320121
2.353573
2.114401
2.001252
2.406087
1.999481
2.427605
2.077623
2.390046
2.744151
2.59504
2.318321
2.355782
2.091337
2.216683
2.211033
1.611737
1.784064
2.009163
2.643267
2.369702
2.58784
2.270205
2.162536
1.768913
1.838775
2.242334
2.073249
1.652321
1.844014
2.001642
2.10239
2.214949
1.571661
1.761042
1.515756
1.990467
2.301225
1.589915
1.928936
1.566629
1.973672
1.863327
1.768949
1.879581
1.943434
2.120309
1.402285
1.442773
2.007437
1.834321
1.740108
1.847057
2.750753
2.162583
2.633277
2.564692
2.089069
1.928094
2.042236
2.044025
2.128739
1.808102
1.450034
2.186129
2.463232
2.39051
2.473658
2.530994
1.870262
2.638396
2.118061
2.184656
3.005097
2.217121
2.069549
1.423481
1.30949
2.579542
2.73138
3.044653
2.381874
2.672725
2.877989
2.101345
2.660407
2.338084
2.002694
1.769463
2.194799
1.846216
2.409321
1.767509
1.900478
1.986859
1.95046
1.57348
1.815601
2.121909
2.130463
2.652539
2.427952
2.393777
1.920668
2.428659
2.061893
2.12534
1.822304
2.357564
2.395244
1.58045
1.898798
2.346305
2.279652
2.243573
1.945634
2.337237
2.523821
2.372882
2.071696
2.412816
2.102208
1.706116
2.112373
1.826216
1.96643
2.208258
2.24111
2.093987
2.639435
1.92005
2.294657
2.144563
2.188553
2.232073
2.325091
2.144343
2.082467
2.137721
1.90866
2.10187
2.135552
2.421102
2.482992
2.33908
2.692266
2.138383
2.553426
2.266014
1.899552
2.637551
2.142824
2.039467
2.475025
2.135032
2.364915
2.757472
2.46852
3.096038
2.691082
2.127757
2.045039
2.160642
2.404162
2.064579
2.073777
2.075214
2.694517
2.687983
3.096981
2.161246
2.504312
2.302341
1.903522
2.092986
2.466005
1.881851
2.968925
2.360101
2.180521
2.399191
2.189946
2.07882
2.772295
2.792532
2.068643
2.219144
1.921591
1.894433
2.159354
2.261289
2.568219
2.43447
2.480908
2.46692
1.846331
2.199621
2.06257
2.330474
2.034311
2.11659
2.02474
1.959983
2.369814
2.416124
1.878074
2.171352
2.118344
1.992318
2.437222
2.379614
2.110182
2.384606
2.157144
2.339502
2.349543
2.365014
2.159623
2.197382
2.278381
2.281606
1.934167
2.0627
1.657356
1.694126
2.265367
2.080414
2.120665
2.150552
2.114562
2.305718
2.363675
1.93102
1.760689
1.679625
1.934853
1.937417
1.956965
1.780882
2.086481
1.979429
2.083655
1.744096
1.664464
1.941548
1.934943
2.004893
1.984278
2.054756
1.955026
2.33198
1.955865
1.703114
1.938975
1.987042
1.748122
1.840331
2.238291
2.528495
2.103524
1.914776
2.553774
2.319538
2.132014
2.486777
2.096738
2.144884
1.954919
2.238053
2.265987
1.883581
1.550311
1.597346
2.055551
2.276296
1.927809
2.040838
2.309306
2.253239
2.080694
1.928267
2.039276
1.94469
1.757205
2.803147
2.511286
1.949732
2.533393
2.83733
2.125031
2.42889
1.987155
2.046987
2.254285
2.430289
2.181172
2.077518
2.228441
2.491396
2.059528
1.767904
2.643984
2.30098
2.258288
2.509202
2.258437
2.508636
2.272561
2.633845
3.238846
2.800471
2.607555
2.473893
2.379236
2.289315
2.301664
2.703748
2.147223
2.283273
2.360935
3.013514
2.281228
2.556437
2.355123
2.733838
2.526732
2.133473
2.791457
2.863768
2.295481
2.163764
2.664917
2.780239
2.32877
2.612094
2.744545
2.477086
2.951322
2.071202
2.674136
2.397803
2.287371
3.002131
2.595897
3.019525
2.087094
1.88461
2.593463
2.33637
2.258082
1.832009
2.584942
2.674969
2.438687
2.20505
2.019831
2.563181
2.289413
2.308817
2.113688
2.119375
2.409283
2.811368
2.665903
2.136268
1.883813
2.337014
2.088394
2.615259
2.430851
2.030547
2.650395
2.591826
2.760556
2.414877
2.224353
2.165522
2.181477
2.218174
2.164403
2.596577
3.051118
2.549672
2.424872
2.441487
2.332697
1.784032
1.901626
2.538936
2.280455
2.657932
2.205629
2.561694
2.754263
2.319908
2.770329
2.42382
2.586074
2.774523
2.638858
2.109247
2.545665
2.847275
2.978375
2.817877
2.238414
2.371312
2.878323
2.559164
1.854361
2.40983
2.437776
1.835772
2.013822
2.658467
2.645451
2.29124
2.522522
1.789045
2.389158
2.069116
2.301091
2.749595
2.410795
2.237793
2.453416
2.701317
2.437729
2.526914
2.407615
2.362517
2.674292
2.667619
2.415335
2.093167
3.043919
2.045633
2.231403
1.95617
2.455202
1.881514
2.255833
1.875291
2.295557
2.366239
2.679841
2.129877
2.544127
2.613089
2.731778
2.739168
2.494702
2.384243
2.896483
2.346764
3.001498
2.821541
3.363132
2.525102
2.234756
2.588883
2.562011
3.045117
2.607951
2.42855
2.936601
2.409919
3.132374
2.673481
2.888185
2.670094
2.6192
2.609585
2.505092
2.385686
2.572544
2.571165
2.563283
2.3661
2.835047
1.710568
2.369878
2.528614
2.793546
2.683744
2.576851
2.490759
2.201813
2.071499
2.43988
2.710644
2.036851
2.397774
2.383923
2.829786
2.7146
2.367036
2.884395
2.695304
2.851522
2.453355
2.620766
2.104908
2.545907
2.652442
2.690556
2.411713
2.475161
2.22692
2.28254
2.687549
2.159793
2.660604
2.111933
2.306271
2.408608
